Re,alpha,cl,cd,cm
244912.0,-3.0,-0.3981,0.00164,0.0083
244912.0,-2.0,-0.243,0.00146,-0.0006
244912.0,-1.0,-0.1071,0.00134,-0.0039
244912.0,0.0,0.0,0.00129,0.0
244912.0,1.0,0.1071,0.00133,0.0039
244912.0,2.0,0.2428,0.00143,0.0007
244912.0,3.0,0.3977,0.0016,-0.0082
244912.0,4.0,0.5345,0.00188,-0.0148
244912.0,5.0,0.6155,0.00249,-0.0104
244912.0,6.0,0.6893,0.00367,-0.0044
244912.0,7.0,0.7592,0.00545,0.0026
244912.0,8.0,0.828,0.00794,0.0096
244912.0,10.0,0.9686,0.01638,0.0209
244912.0,11.0,1.0243,0.02171,0.0274
244912.0,13.0,1.108,0.04878,0.0376
