Re,alpha,cl,cd,cm
3000.0,-5.0,-0.0146,0.10493,-0.034
3000.0,-4.0,-0.0583,0.10397,-0.0275
3000.0,-3.0,-0.102,0.10286,-0.0201
3000.0,-2.0,-0.1349,0.10172,-0.0129
3000.0,-1.0,-0.1489,0.10136,-0.0069
3000.0,0.0,-0.1397,0.10239,-0.0034
3000.0,1.0,-0.1131,0.1049,-0.0022
3000.0,2.0,-0.0762,0.1086,-0.0024
3000.0,3.0,-0.0332,0.11333,-0.0036
3000.0,4.0,0.0131,0.11892,-0.0057
3000.0,5.0,0.0616,0.1253,-0.0085
3000.0,6.0,0.1111,0.13237,-0.0117
3000.0,7.0,0.1611,0.14007,-0.0155
3000.0,8.0,0.2112,0.14839,-0.0197
3000.0,9.0,0.261,0.15734,-0.0243
3000.0,10.0,0.3102,0.16687,-0.0293
3000.0,11.0,0.3587,0.17699,-0.0346
3000.0,12.0,0.4061,0.18772,-0.0403
3000.0,13.0,0.4525,0.19905,-0.0462
3000.0,14.0,0.4977,0.21089,-0.0525
3000.0,15.0,0.5418,0.22334,-0.059
