Re,alpha,cl,cd,cm
100000.0,-8.0,-0.5519,0.03969,-0.0351
100000.0,-7.0,-0.4703,0.02995,-0.0335
100000.0,-6.0,-0.3626,0.02581,-0.0325
100000.0,-5.0,-0.2506,0.02344,-0.0324
100000.0,-4.0,-0.137,0.02287,-0.0327
100000.0,-3.0,-0.0291,0.02394,-0.0298
100000.0,-2.0,0.0761,0.02483,-0.0255
100000.0,-1.0,0.1662,0.02711,-0.018
100000.0,0.0,0.2695,0.02723,-0.0135
100000.0,1.0,0.4541,0.02962,-0.0278
100000.0,2.0,0.5773,0.03093,-0.035
100000.0,3.0,0.6454,0.03447,-0.0311
100000.0,4.0,0.7345,0.03866,-0.0326
100000.0,5.0,0.8529,0.03811,-0.0325
100000.0,6.0,0.5802,0.08596,-0.0381
100000.0,7.0,0.6404,0.0932,-0.038
100000.0,8.0,0.6073,0.1133,-0.0429
100000.0,9.0,0.5933,0.13451,-0.0493
