Re,alpha,cl,cd,cm
3000.0,-4.0,-0.1396,0.08451,-0.0385
3000.0,-3.0,-0.1363,0.07791,-0.036
3000.0,-2.0,-0.1403,0.07158,-0.0326
3000.0,-1.0,-0.087,0.06537,-0.0465
3000.0,0.0,0.2079,0.06631,-0.1067
3000.0,1.0,0.3261,0.06849,-0.1118
3000.0,2.0,0.4264,0.07124,-0.1134
3000.0,3.0,0.5177,0.07461,-0.1138
3000.0,4.0,0.603,0.07873,-0.1134
3000.0,5.0,0.6823,0.08375,-0.1126
3000.0,6.0,0.7552,0.08992,-0.1119
3000.0,7.0,0.8208,0.09767,-0.1116
3000.0,8.0,0.8755,0.10796,-0.1127
3000.0,9.0,0.9046,0.12349,-0.1188
3000.0,10.0,0.9071,0.14475,-0.1311
3000.0,11.0,0.9183,0.16532,-0.1435
3000.0,12.0,0.9417,0.18415,-0.1546
3000.0,13.0,0.9724,0.20196,-0.1649
3000.0,14.0,1.0072,0.21927,-0.1748
3000.0,15.0,1.0444,0.23633,-0.1845
3000.0,16.0,1.0828,0.25342,-0.1942
3000.0,17.0,1.1217,0.27032,-0.2038
3000.0,18.0,1.1605,0.28724,-0.2135
3000.0,19.0,1.1991,0.30419,-0.2233
3000.0,20.0,1.237,0.32127,-0.2331
3000.0,21.0,1.2739,0.33862,-0.243
3000.0,22.0,1.3104,0.35622,-0.2531
3000.0,23.0,1.3456,0.37376,-0.2632
3000.0,24.0,1.3798,0.39135,-0.2734
3000.0,25.0,1.4127,0.409,-0.2838
3000.0,26.0,1.4442,0.42666,-0.2942
3000.0,27.0,1.4745,0.44442,-0.3047
3000.0,28.0,1.5032,0.46215,-0.3153
3000.0,29.0,1.5304,0.47992,-0.326
3000.0,30.0,1.556,0.49768,-0.3367
3000.0,31.0,1.58,0.51543,-0.3475
3000.0,32.0,1.6021,0.5331,-0.3584
3000.0,33.0,1.6227,0.5508,-0.3693
3000.0,34.0,1.6412,0.56835,-0.3803
3000.0,35.0,1.658,0.58592,-0.3912
