Re,alpha,cl,cd,cm
100000.0,-10.0,-0.9606,0.0473,-0.0234
100000.0,-9.0,-0.9249,0.03627,-0.0158
100000.0,-7.0,-0.7668,0.02381,-0.0056
100000.0,-6.0,-0.6891,0.01984,0.0004
100000.0,-4.0,-0.5394,0.01528,0.0144
100000.0,-3.0,-0.4571,0.01447,0.0213
100000.0,-2.0,-0.3756,0.0145,0.0293
100000.0,-1.0,-0.2649,0.01574,0.0319
100000.0,0.0,0.0,0.01705,0.0
100000.0,1.0,0.2648,0.01574,-0.0319
100000.0,2.0,0.3756,0.01449,-0.0293
100000.0,3.0,0.457,0.01447,-0.0213
100000.0,4.0,0.5393,0.01528,-0.0143
100000.0,5.0,0.6168,0.01691,-0.0074
100000.0,6.0,0.689,0.01984,-0.0004
100000.0,7.0,0.7668,0.02381,0.0056
100000.0,8.0,0.8513,0.02923,0.0102
100000.0,9.0,0.9249,0.03627,0.0157
100000.0,10.0,0.9607,0.0473,0.0233
