Re,alpha,cl,cd,cm
100000.0,-8.0,-0.4256,0.10166,-0.0331
100000.0,-6.0,-0.4639,0.08045,-0.0217
100000.0,-5.0,-0.3367,0.06034,-0.0544
100000.0,-3.0,-0.0101,0.02527,-0.0905
100000.0,1.0,0.5631,0.01765,-0.1071
100000.0,2.0,0.6786,0.01784,-0.1062
100000.0,3.0,0.7855,0.01871,-0.1045
100000.0,4.0,0.8929,0.01975,-0.1029
100000.0,5.0,0.9994,0.02098,-0.1012
100000.0,6.0,1.0978,0.02246,-0.0982
100000.0,7.0,1.1969,0.02346,-0.0947
100000.0,8.0,1.2868,0.02398,-0.0892
100000.0,9.0,1.3558,0.02461,-0.0806
100000.0,10.0,1.3698,0.02713,-0.0647
