Section 20% AIRFOIL
   0.999951  0.002611
  0.991428  0.007164
  0.982730  0.011367
  0.973849  0.015238
  0.964778  0.018799
  0.955513  0.022067
  0.946050  0.025059
  0.936387  0.027793
  0.926524  0.030288
  0.916461  0.032563
  0.906202  0.034638
  0.895751  0.036536
  0.885110  0.038281
  0.874285  0.039899
  0.863284  0.041419
  0.852124  0.042872
  0.840897  0.044267
  0.829620  0.045614
  0.818295  0.046923
  0.806922  0.048205
  0.795501  0.049470
  0.784033  0.050730
  0.772577  0.051989
  0.761175  0.053256
  0.749827  0.054540
  0.738535  0.055853
  0.727297  0.057205
  0.716081  0.058609
  0.704839  0.060066
  0.693567  0.061571
  0.682264  0.063114
  0.670926  0.064688
  0.659553  0.066285
  0.648142  0.067897
  0.636720  0.069512
  0.625329  0.071114
  0.613966  0.072697
  0.602631  0.074251
  0.591320  0.075769
  0.580051  0.077239
  0.568838  0.078646
  0.557684  0.079974
  0.546587  0.081208
  0.535549  0.082336
  0.524571  0.083345
  0.513652  0.084220
  0.502794  0.084950
  0.491997  0.085523
  0.481261  0.085928
  0.470587  0.086154
  0.459973  0.086190
  0.449365  0.086029
  0.438725  0.085676
  0.428056  0.085136
  0.417358  0.084416
  0.406632  0.083522
  0.395879  0.082461
  0.385100  0.081240
  0.374297  0.079865
  0.363471  0.078343
  0.352624  0.076682
  0.341758  0.074889
  0.330874  0.072971
  0.319972  0.070937
  0.309057  0.068794
  0.298128  0.066549
  0.287170  0.064210
  0.276132  0.061782
  0.265002  0.059287
  0.253777  0.056750
  0.242599  0.054230
  0.231527  0.051767
  0.220551  0.049382
  0.209663  0.047099
  0.198854  0.044936
  0.188116  0.042914
  0.177440  0.041049
  0.166818  0.039360
  0.156223  0.037858
  0.145532  0.036528
  0.134735  0.035355
  0.123848  0.034326
  0.112884  0.033425
  0.101857  0.032638
  0.090727  0.031943
  0.079363  0.031276
  0.068274  0.030582
  0.057489  0.029786
  0.046945  0.028820
  0.037035  0.027665
  0.029152  0.026315
  0.022788  0.024643
  0.017518  0.022630
  0.013022  0.020251
  0.009084  0.017451
  0.005617  0.014187
  0.003013  0.010895
  0.001344  0.007896
  0.000389  0.005141
  -0.000030  0.002520
  0.000013  0.000089
  0.000492  -0.002305
  0.001479  -0.004831
  0.003146  -0.007607
  0.005627  -0.010539
  0.008913  -0.013399
  0.012828  -0.015909
  0.017653  -0.018155
  0.024192  -0.020350
  0.033388  -0.022795
  0.043033  -0.025000
  0.052836  -0.026902
  0.062791  -0.028517
  0.072894  -0.029860
  0.083137  -0.030948
  0.093483  -0.031795
  0.103887  -0.032407
  0.114347  -0.032793
  0.124862  -0.032961
  0.135430  -0.032918
  0.146050  -0.032673
  0.156719  -0.032236
  0.167436  -0.031614
  0.178198  -0.030818
  0.189002  -0.029857
  0.199846  -0.028742
  0.210727  -0.027482
  0.221656  -0.026088
  0.232661  -0.024572
  0.243748  -0.022954
  0.254923  -0.021253
  0.266193  -0.019491
  0.277560  -0.017692
  0.288912  -0.015896
  0.300162  -0.014143
  0.311316  -0.012455
  0.322381  -0.010853
  0.333361  -0.009357
  0.344262  -0.007986
  0.355127  -0.006751
  0.366017  -0.005648
  0.376930  -0.004675
  0.387864  -0.003831
  0.398819  -0.003115
  0.409790  -0.002524
  0.420778  -0.002058
  0.431779  -0.001714
  0.442792  -0.001492
  0.453815  -0.001389
  0.464846  -0.001404
  0.475882  -0.001535
  0.486922  -0.001782
  0.497963  -0.002141
  0.509019  -0.002612
  0.520100  -0.003188
  0.531209  -0.003863
  0.542346  -0.004629
  0.553512  -0.005480
  0.564708  -0.006408
  0.575935  -0.007406
  0.587194  -0.008466
  0.598485  -0.009581
  0.609811  -0.010742
  0.621171  -0.011942
  0.632566  -0.013173
  0.643998  -0.014427
  0.655467  -0.015694
  0.666930  -0.016960
  0.678317  -0.018202
  0.689629  -0.019402
  0.700869  -0.020544
  0.712039  -0.021612
  0.723140  -0.022589
  0.734174  -0.023462
  0.745144  -0.024215
  0.756052  -0.024836
  0.766899  -0.025312
  0.777688  -0.025629
  0.788420  -0.025775
  0.799099  -0.025739
  0.809708  -0.025508
  0.820226  -0.025069
  0.830642  -0.024405
  0.840944  -0.023505
  0.851124  -0.022357
  0.861220  -0.020943
  0.871419  -0.019248
  0.881760  -0.017295
  0.892263  -0.015110
  0.902947  -0.012727
  0.913948  -0.010161
  0.924972  -0.007587
  0.935510  -0.005245
  0.945624  -0.003212
  0.955364  -0.001547
  0.964773  -0.000293
  0.973896  0.000520
  0.982777  0.000868
  0.991463  0.000729
  1.000006  0.000080
