Section 20% AIRFOIL
   0.996394  0.001720
  0.985698  0.002314
  0.974998  0.003027
  0.964292  0.003853
  0.953579  0.004790
  0.942857  0.005830
  0.932125  0.006971
  0.921383  0.008206
  0.910629  0.009532
  0.899861  0.010943
  0.889080  0.012433
  0.878283  0.013999
  0.867470  0.015634
  0.856640  0.017333
  0.845791  0.019091
  0.834923  0.020903
  0.824034  0.022763
  0.813124  0.024665
  0.802191  0.026603
  0.791234  0.028573
  0.780252  0.030567
  0.769245  0.032580
  0.758209  0.034606
  0.747162  0.036636
  0.736139  0.038657
  0.725140  0.040662
  0.714164  0.042645
  0.703204  0.044603
  0.692253  0.046532
  0.681312  0.048430
  0.670379  0.050293
  0.659456  0.052119
  0.648542  0.053903
  0.637636  0.055644
  0.626739  0.057337
  0.615850  0.058981
  0.604969  0.060571
  0.594096  0.062105
  0.583231  0.063580
  0.572373  0.064993
  0.561522  0.066341
  0.550679  0.067621
  0.539842  0.068831
  0.529012  0.069967
  0.518188  0.071027
  0.507371  0.072007
  0.496559  0.072906
  0.485753  0.073720
  0.474952  0.074446
  0.464157  0.075083
  0.453362  0.075627
  0.442561  0.076078
  0.431754  0.076436
  0.420945  0.076700
  0.410133  0.076871
  0.399321  0.076948
  0.388510  0.076931
  0.377702  0.076820
  0.366899  0.076614
  0.356101  0.076313
  0.345311  0.075917
  0.334530  0.075426
  0.323759  0.074840
  0.312995  0.074158
  0.302215  0.073382
  0.291414  0.072517
  0.280592  0.071569
  0.269745  0.070545
  0.258873  0.069449
  0.247974  0.068288
  0.237045  0.067068
  0.226085  0.065795
  0.215093  0.064475
  0.204069  0.063116
  0.193076  0.061726
  0.182153  0.060296
  0.171304  0.058813
  0.160534  0.057265
  0.149849  0.055638
  0.139251  0.053920
  0.128747  0.052100
  0.118341  0.050166
  0.108036  0.048109
  0.097837  0.045916
  0.087747  0.043579
  0.077773  0.041088
  0.068081  0.038467
  0.058777  0.035691
  0.049818  0.032700
  0.041164  0.029442
  0.032776  0.025869
  0.024610  0.021927
  0.016841  0.017682
  0.011149  0.014010
  0.007256  0.010835
  0.004570  0.007975
  0.002699  0.005296
  0.001401  0.002660
  0.000564  -0.000037
  0.000192  -0.002621
  0.000246  -0.004739
  0.000600  -0.006433
  0.001244  -0.007953
  0.002278  -0.009497
  0.004012  -0.011290
  0.007068  -0.013537
  0.012220  -0.016341
  0.018225  -0.018830
  0.024965  -0.020901
  0.033139  -0.022781
  0.042597  -0.024573
  0.052246  -0.026108
  0.062067  -0.027396
  0.072052  -0.028451
  0.082189  -0.029291
  0.092467  -0.029932
  0.102874  -0.030394
  0.113349  -0.030691
  0.123858  -0.030831
  0.134401  -0.030821
  0.144979  -0.030668
  0.155592  -0.030380
  0.166241  -0.029963
  0.176925  -0.029427
  0.187646  -0.028777
  0.198402  -0.028023
  0.209193  -0.027173
  0.220021  -0.026234
  0.230885  -0.025217
  0.241790  -0.024128
  0.252744  -0.022979
  0.263747  -0.021781
  0.274803  -0.020546
  0.285914  -0.019286
  0.297064  -0.018015
  0.308171  -0.016756
  0.319223  -0.015522
  0.330223  -0.014327
  0.341173  -0.013181
  0.352075  -0.012096
  0.362968  -0.011077
  0.373874  -0.010121
  0.384792  -0.009226
  0.395722  -0.008392
  0.406664  -0.007616
  0.417616  -0.006898
  0.428580  -0.006236
  0.439553  -0.005629
  0.450536  -0.005076
  0.461529  -0.004574
  0.472530  -0.004123
  0.483539  -0.003721
  0.494556  -0.003366
  0.505580  -0.003058
  0.516610  -0.002795
  0.527646  -0.002576
  0.538688  -0.002401
  0.549736  -0.002266
  0.560790  -0.002172
  0.571850  -0.002118
  0.582916  -0.002102
  0.593988  -0.002122
  0.605066  -0.002179
  0.616149  -0.002269
  0.627238  -0.002394
  0.638332  -0.002550
  0.649432  -0.002737
  0.660538  -0.002954
  0.671648  -0.003199
  0.682764  -0.003471
  0.693885  -0.003770
  0.705012  -0.004093
  0.716143  -0.004439
  0.727280  -0.004808
  0.738421  -0.005198
  0.749567  -0.005608
  0.760718  -0.006036
  0.771874  -0.006482
  0.783034  -0.006943
  0.794199  -0.007419
  0.805369  -0.007909
  0.816556  -0.008411
  0.827754  -0.008915
  0.838888  -0.009403
  0.849958  -0.009862
  0.860967  -0.010277
  0.871916  -0.010636
  0.882806  -0.010925
  0.893640  -0.011132
  0.904419  -0.011246
  0.915145  -0.011255
  0.925791  -0.011147
  0.935875  -0.010878
  0.945288  -0.010347
  0.954126  -0.009478
  0.962494  -0.008217
  0.971352  -0.006397
  0.981545  -0.003978
  0.991416  -0.001676
  0.999999  0.000000
