Section 20% AIRFOIL
   0.999048  0.002479
  0.990132  0.006391
  0.981053  0.009995
  0.971804  0.013307
  0.962382  0.016348
  0.952783  0.019135
  0.943003  0.021686
  0.933042  0.024020
  0.922900  0.026156
  0.912578  0.028117
  0.902077  0.029926
  0.891402  0.031606
  0.880553  0.033186
  0.869536  0.034694
  0.858365  0.036162
  0.847136  0.037598
  0.835873  0.039009
  0.824577  0.040402
  0.813248  0.041783
  0.801888  0.043161
  0.790535  0.044539
  0.779219  0.045921
  0.767940  0.047314
  0.756701  0.048726
  0.745500  0.050164
  0.734339  0.051635
  0.723207  0.053148
  0.712056  0.054708
  0.700880  0.056309
  0.689675  0.057944
  0.678440  0.059607
  0.667172  0.061289
  0.655870  0.062983
  0.644570  0.064676
  0.633298  0.066357
  0.622053  0.068018
  0.610833  0.069652
  0.599634  0.071251
  0.588462  0.072808
  0.577338  0.074309
  0.566268  0.075739
  0.555250  0.077084
  0.544288  0.078332
  0.533379  0.079470
  0.522525  0.080485
  0.511727  0.081366
  0.500985  0.082102
  0.490299  0.082681
  0.479670  0.083093
  0.469097  0.083328
  0.458567  0.083376
  0.448017  0.083236
  0.437438  0.082913
  0.426831  0.082413
  0.416197  0.081742
  0.405537  0.080905
  0.394852  0.079909
  0.384143  0.078759
  0.373413  0.077462
  0.362662  0.076024
  0.351892  0.074452
  0.341105  0.072751
  0.330303  0.070930
  0.319486  0.068995
  0.308657  0.066952
  0.297818  0.064810
  0.286930  0.062570
  0.275953  0.060245
  0.264876  0.057858
  0.253720  0.055439
  0.242648  0.053052
  0.231684  0.050728
  0.220819  0.048490
  0.210045  0.046360
  0.199355  0.044358
  0.188739  0.042503
  0.178191  0.040813
  0.167700  0.039306
  0.157170  0.037978
  0.146533  0.036812
  0.135798  0.035794
  0.124973  0.034910
  0.114064  0.034146
  0.103041  0.033483
  0.091727  0.032860
  0.080663  0.032217
  0.069985  0.031479
  0.059656  0.030577
  0.049799  0.029469
  0.041197  0.028138
  0.033669  0.026469
  0.026978  0.024403
  0.020916  0.021891
  0.015321  0.018867
  0.010161  0.015304
  0.006157  0.011761
  0.003469  0.008606
  0.001780  0.005855
  0.000794  0.003442
  0.000293  0.001202
  0.000190  -0.001017
  0.000485  -0.003314
  0.001193  -0.005594
  0.002377  -0.007857
  0.004258  -0.010283
  0.007230  -0.013037
  0.011491  -0.015985
  0.016587  -0.018648
  0.022814  -0.021084
  0.031125  -0.023612
  0.040644  -0.026120
  0.050293  -0.028340
  0.060069  -0.030281
  0.069969  -0.031952
  0.079988  -0.033364
  0.090121  -0.034526
  0.100318  -0.035442
  0.110548  -0.036112
  0.120801  -0.036534
  0.131068  -0.036711
  0.141338  -0.036642
  0.151602  -0.036329
  0.161918  -0.035774
  0.172329  -0.034992
  0.182840  -0.034002
  0.193455  -0.032824
  0.204178  -0.031481
  0.215013  -0.029996
  0.225929  -0.028396
  0.236912  -0.026701
  0.247968  -0.024928
  0.259101  -0.023093
  0.270315  -0.021215
  0.281588  -0.019318
  0.292794  -0.017444
  0.303918  -0.015614
  0.314966  -0.013847
  0.325941  -0.012160
  0.336848  -0.010570
  0.347690  -0.009092
  0.358508  -0.007736
  0.369349  -0.006496
  0.380210  -0.005372
  0.391092  -0.004362
  0.401992  -0.003464
  0.412909  -0.002678
  0.423841  -0.002002
  0.434788  -0.001434
  0.445747  -0.000974
  0.456718  -0.000620
  0.467698  -0.000370
  0.478686  -0.000223
  0.489680  -0.000178
  0.500680  -0.000233
  0.511687  -0.000387
  0.522714  -0.000637
  0.533764  -0.000976
  0.544838  -0.001400
  0.555935  -0.001903
  0.567057  -0.002479
  0.578203  -0.003124
  0.589375  -0.003830
  0.600572  -0.004592
  0.611795  -0.005404
  0.623044  -0.006260
  0.634320  -0.007154
  0.645623  -0.008080
  0.656954  -0.009030
  0.668313  -0.010000
  0.679710  -0.010982
  0.691088  -0.011960
  0.702411  -0.012918
  0.713683  -0.013845
  0.724904  -0.014729
  0.736075  -0.015558
  0.747197  -0.016321
  0.758272  -0.017009
  0.769299  -0.017610
  0.780282  -0.018115
  0.791220  -0.018513
  0.802114  -0.018796
  0.812967  -0.018953
  0.823780  -0.018976
  0.834550  -0.018856
  0.845275  -0.018586
  0.855951  -0.018156
  0.866575  -0.017560
  0.877142  -0.016790
  0.887651  -0.015838
  0.898098  -0.014697
  0.908481  -0.013361
  0.918797  -0.011823
  0.929172  -0.010058
  0.940013  -0.008057
  0.951085  -0.005980
  0.961658  -0.004092
  0.971770  -0.002486
  0.981490  -0.001223
  0.990876  -0.000350
  0.999989  0.000100
