Section 20% AIRFOIL
   0.999540  0.002582
  0.991078  0.007019
  0.982431  0.011094
  0.973590  0.014831
  0.964547  0.018250
  0.955296  0.021372
  0.945833  0.024215
  0.936154  0.026799
  0.926258  0.029144
  0.916146  0.031273
  0.905819  0.033210
  0.895281  0.034980
  0.884537  0.036612
  0.873590  0.038138
  0.862447  0.039594
  0.851185  0.041004
  0.839882  0.042373
  0.828538  0.043710
  0.817154  0.045023
  0.805729  0.046323
  0.794267  0.047619
  0.782821  0.048915
  0.771422  0.050217
  0.760071  0.051535
  0.748768  0.052878
  0.737513  0.054256
  0.726305  0.055678
  0.715090  0.057154
  0.703848  0.058680
  0.692576  0.060250
  0.681273  0.061855
  0.669935  0.063487
  0.658561  0.065140
  0.647151  0.066804
  0.635754  0.068463
  0.624386  0.070108
  0.613046  0.071730
  0.601732  0.073321
  0.590443  0.074874
  0.579202  0.076374
  0.568019  0.077806
  0.556893  0.079155
  0.545826  0.080406
  0.534819  0.081546
  0.523871  0.082563
  0.512983  0.083442
  0.502157  0.084172
  0.491391  0.084740
  0.480686  0.085137
  0.470043  0.085350
  0.459456  0.085370
  0.448861  0.085191
  0.438235  0.084819
  0.427578  0.084260
  0.416892  0.083520
  0.406178  0.082605
  0.395436  0.081522
  0.384668  0.080279
  0.373876  0.078881
  0.363062  0.077335
  0.352226  0.075650
  0.341370  0.073833
  0.330497  0.071890
  0.319608  0.069831
  0.308704  0.067662
  0.297787  0.065392
  0.286839  0.063026
  0.275801  0.060572
  0.264662  0.058051
  0.253442  0.055498
  0.242312  0.052980
  0.231294  0.050529
  0.220378  0.048170
  0.209554  0.045925
  0.198812  0.043815
  0.188146  0.041860
  0.177544  0.040079
  0.166998  0.038487
  0.156465  0.037097
  0.145824  0.035891
  0.135079  0.034854
  0.124245  0.033974
  0.113338  0.033236
  0.102372  0.032625
  0.091204  0.032107
  0.079885  0.031605
  0.068948  0.031046
  0.058353  0.030346
  0.048033  0.029437
  0.038864  0.028319
  0.031302  0.026897
  0.024924  0.025100
  0.019441  0.022911
  0.014616  0.020295
  0.010263  0.017173
  0.006429  0.013581
  0.003568  0.010029
  0.001731  0.006860
  0.000695  0.004135
  0.000220  0.001734
  0.000173  -0.000450
  0.000518  -0.002666
  0.001309  -0.005000
  0.002644  -0.007440
  0.004808  -0.010168
  0.007979  -0.013067
  0.011994  -0.015789
  0.016781  -0.018168
  0.022883  -0.020360
  0.031681  -0.022777
  0.041684  -0.025204
  0.051733  -0.027367
  0.061817  -0.029262
  0.071928  -0.030887
  0.082055  -0.032238
  0.092199  -0.033315
  0.102406  -0.034127
  0.112682  -0.034684
  0.123027  -0.034995
  0.133441  -0.035069
  0.143920  -0.034916
  0.154463  -0.034547
  0.165067  -0.033972
  0.175730  -0.033203
  0.186449  -0.032250
  0.197219  -0.031126
  0.208038  -0.029844
  0.218908  -0.028416
  0.229848  -0.026856
  0.240866  -0.025183
  0.251968  -0.023416
  0.263161  -0.021575
  0.274449  -0.019682
  0.285806  -0.017767
  0.297082  -0.015879
  0.308260  -0.014046
  0.319345  -0.012288
  0.330344  -0.010627
  0.341262  -0.009082
  0.352122  -0.007668
  0.362998  -0.006384
  0.373900  -0.005227
  0.384825  -0.004195
  0.395772  -0.003287
  0.406739  -0.002502
  0.417723  -0.001837
  0.428723  -0.001292
  0.439738  -0.000864
  0.450765  -0.000553
  0.461802  -0.000357
  0.472847  -0.000274
  0.483899  -0.000303
  0.494955  -0.000442
  0.506015  -0.000689
  0.517095  -0.001041
  0.528200  -0.001494
  0.539330  -0.002039
  0.550487  -0.002671
  0.561670  -0.003384
  0.572881  -0.004170
  0.584120  -0.005024
  0.595388  -0.005937
  0.606686  -0.006904
  0.618014  -0.007918
  0.629373  -0.008970
  0.640764  -0.010054
  0.652187  -0.011163
  0.663644  -0.012288
  0.675124  -0.013420
  0.686551  -0.014538
  0.697917  -0.015626
  0.709221  -0.016671
  0.720466  -0.017658
  0.731654  -0.018575
  0.742786  -0.019408
  0.753863  -0.020145
  0.764887  -0.020775
  0.775860  -0.021286
  0.786783  -0.021667
  0.797657  -0.021906
  0.808485  -0.021994
  0.819234  -0.021918
  0.829878  -0.021660
  0.840410  -0.021201
  0.850825  -0.020524
  0.861118  -0.019614
  0.871329  -0.018452
  0.881672  -0.017023
  0.892194  -0.015354
  0.902910  -0.013482
  0.913838  -0.011448
  0.924968  -0.009304
  0.936247  -0.007103
  0.947419  -0.004942
  0.958422  -0.002872
  0.968533  -0.001115
  0.977445  0.000078
  0.985503  0.000664
  0.992952  0.000642
  1.000000  0.000004
