Section 20% AIRFOIL
   0.999985  -0.000131
  0.991029  0.004176
  0.981917  0.008196
  0.972648  0.011944
  0.963221  0.015431
  0.953637  0.018672
  0.943896  0.021679
  0.934000  0.024466
  0.923951  0.027045
  0.913754  0.029431
  0.903412  0.031639
  0.892929  0.033684
  0.882312  0.035583
  0.871566  0.037353
  0.860698  0.039012
  0.849714  0.040582
  0.838645  0.042076
  0.827519  0.043505
  0.816336  0.044881
  0.805094  0.046216
  0.793795  0.047522
  0.782436  0.048813
  0.771027  0.050101
  0.759652  0.051389
  0.748337  0.052690
  0.737080  0.054015
  0.725882  0.055378
  0.714722  0.056792
  0.703527  0.058266
  0.692290  0.059791
  0.681010  0.061357
  0.669684  0.062955
  0.658314  0.064573
  0.646918  0.066198
  0.635562  0.067810
  0.624251  0.069398
  0.612983  0.070951
  0.601757  0.072459
  0.590572  0.073913
  0.579428  0.075303
  0.568322  0.076620
  0.557255  0.077854
  0.546224  0.078997
  0.535231  0.080040
  0.524272  0.080975
  0.513348  0.081792
  0.502457  0.082486
  0.491597  0.083046
  0.480769  0.083466
  0.469971  0.083739
  0.459200  0.083856
  0.448433  0.083812
  0.437662  0.083607
  0.426890  0.083240
  0.416125  0.082711
  0.405371  0.082020
  0.394633  0.081168
  0.383916  0.080153
  0.373227  0.078976
  0.362570  0.077638
  0.351907  0.076135
  0.341198  0.074474
  0.330434  0.072669
  0.319608  0.070735
  0.308715  0.068686
  0.297747  0.066539
  0.286703  0.064311
  0.275582  0.062019
  0.264383  0.059682
  0.253119  0.057320
  0.241905  0.054977
  0.230764  0.052676
  0.219695  0.050435
  0.208695  0.048270
  0.197762  0.046198
  0.186893  0.044233
  0.176086  0.042391
  0.165339  0.040686
  0.154597  0.039119
  0.143756  0.037667
  0.132810  0.036312
  0.121755  0.035032
  0.110586  0.033808
  0.099301  0.032619
  0.087896  0.031441
  0.076470  0.030261
  0.065125  0.029066
  0.053858  0.027833
  0.042664  0.026541
  0.032599  0.025254
  0.025182  0.023888
  0.019359  0.022242
  0.014568  0.020275
  0.010469  0.017946
  0.006807  0.015145
  0.003715  0.012003
  0.001703  0.009187
  0.000533  0.006734
  -0.000077  0.004402
  -0.000254  0.001977
  0.000008  -0.000472
  0.000741  -0.002968
  0.002050  -0.005624
  0.004125  -0.008508
  0.007091  -0.011503
  0.010834  -0.014318
  0.015340  -0.016831
  0.021092  -0.019196
  0.029019  -0.021696
  0.037826  -0.023986
  0.046950  -0.025918
  0.056397  -0.027514
  0.066165  -0.028805
  0.076252  -0.029822
  0.086622  -0.030606
  0.097079  -0.031170
  0.107584  -0.031523
  0.118138  -0.031671
  0.128741  -0.031625
  0.139393  -0.031393
  0.150094  -0.030984
  0.160843  -0.030409
  0.171641  -0.029676
  0.182486  -0.028798
  0.193378  -0.027783
  0.204317  -0.026643
  0.215301  -0.025389
  0.226347  -0.024032
  0.237472  -0.022589
  0.248680  -0.021077
  0.259975  -0.019516
  0.271351  -0.017929
  0.282676  -0.016357
  0.293909  -0.014826
  0.305054  -0.013358
  0.316117  -0.011970
  0.327101  -0.010682
  0.338011  -0.009510
  0.348852  -0.008471
  0.359687  -0.007570
  0.370546  -0.006805
  0.381427  -0.006172
  0.392329  -0.005670
  0.403248  -0.005297
  0.414183  -0.005051
  0.425133  -0.004930
  0.436095  -0.004931
  0.447067  -0.005053
  0.458048  -0.005294
  0.469035  -0.005651
  0.480026  -0.006122
  0.491019  -0.006705
  0.502022  -0.007398
  0.513052  -0.008196
  0.524112  -0.009090
  0.535203  -0.010075
  0.546326  -0.011140
  0.557484  -0.012279
  0.568676  -0.013482
  0.579905  -0.014741
  0.591171  -0.016047
  0.602477  -0.017391
  0.613824  -0.018765
  0.625213  -0.020157
  0.636632  -0.021559
  0.648021  -0.022951
  0.659351  -0.024319
  0.670603  -0.025644
  0.681778  -0.026908
  0.692880  -0.028094
  0.703909  -0.029186
  0.714869  -0.030168
  0.725760  -0.031025
  0.736585  -0.031743
  0.747345  -0.032308
  0.758043  -0.032708
  0.768682  -0.032928
  0.779263  -0.032958
  0.789786  -0.032786
  0.800218  -0.032397
  0.810541  -0.031776
  0.820739  -0.030909
  0.830800  -0.029781
  0.840713  -0.028379
  0.850600  -0.026677
  0.860675  -0.024664
  0.870975  -0.022375
  0.881539  -0.019850
  0.892405  -0.017140
  0.903486  -0.014343
  0.914258  -0.011683
  0.924699  -0.009245
  0.934841  -0.007087
  0.944711  -0.005255
  0.954333  -0.003785
  0.963733  -0.002706
  0.972939  -0.002044
  0.981977  -0.001819
  0.990881  -0.002050
  0.999689  -0.002760
