Section 20% AIRFOIL
   0.997689  0.000924
  0.986781  0.002900
  0.975878  0.004874
  0.964978  0.006844
  0.954081  0.008810
  0.943188  0.010769
  0.932299  0.012722
  0.921412  0.014667
  0.910529  0.016603
  0.899649  0.018529
  0.888771  0.020444
  0.877896  0.022347
  0.867024  0.024236
  0.856154  0.026111
  0.845286  0.027971
  0.834420  0.029815
  0.823556  0.031641
  0.812694  0.033448
  0.801834  0.035236
  0.790976  0.037004
  0.780119  0.038750
  0.769263  0.040473
  0.758409  0.042173
  0.747555  0.043848
  0.736703  0.045497
  0.725851  0.047119
  0.715000  0.048714
  0.704149  0.050280
  0.693300  0.051817
  0.682451  0.053322
  0.671604  0.054795
  0.660757  0.056235
  0.649912  0.057640
  0.639069  0.059009
  0.628226  0.060341
  0.617385  0.061635
  0.606545  0.062890
  0.595707  0.064104
  0.584869  0.065277
  0.574033  0.066406
  0.563199  0.067492
  0.552366  0.068532
  0.541534  0.069526
  0.530703  0.070473
  0.519874  0.071371
  0.509047  0.072219
  0.498220  0.073016
  0.487395  0.073761
  0.476572  0.074453
  0.465749  0.075091
  0.454929  0.075673
  0.444109  0.076199
  0.433291  0.076666
  0.422479  0.077075
  0.411674  0.077422
  0.400877  0.077705
  0.390090  0.077922
  0.379311  0.078071
  0.368544  0.078149
  0.357787  0.078156
  0.347042  0.078087
  0.336310  0.077942
  0.325591  0.077719
  0.314886  0.077414
  0.304195  0.077027
  0.293520  0.076554
  0.282860  0.075995
  0.272217  0.075347
  0.261590  0.074607
  0.250982  0.073775
  0.240392  0.072847
  0.229821  0.071823
  0.219269  0.070699
  0.208737  0.069474
  0.198226  0.068147
  0.187736  0.066714
  0.177267  0.065175
  0.166820  0.063527
  0.156400  0.061769
  0.146053  0.059902
  0.135799  0.057917
  0.125648  0.055803
  0.115605  0.053548
  0.105677  0.051142
  0.095871  0.048576
  0.086193  0.045839
  0.076649  0.042922
  0.067242  0.039817
  0.057979  0.036515
  0.048894  0.033019
  0.040136  0.029358
  0.031688  0.025485
  0.023512  0.021347
  0.015561  0.016888
  0.009225  0.012899
  0.005593  0.010026
  0.003308  0.007621
  0.001752  0.005368
  0.000767  0.003309
  0.000341  0.001904
  0.000242  0.001095
  0.000286  0.000400
  0.000482  -0.000261
  0.000832  -0.000888
  0.001311  -0.001469
  0.002377  -0.002374
  0.004188  -0.003432
  0.006865  -0.004480
  0.010396  -0.005239
  0.016082  -0.005646
  0.025859  -0.005783
  0.035928  -0.005679
  0.046172  -0.005371
  0.056652  -0.004905
  0.067395  -0.004334
  0.078222  -0.003705
  0.089086  -0.003029
  0.099986  -0.002313
  0.110924  -0.001564
  0.121897  -0.000789
  0.132906  0.000005
  0.143952  0.000811
  0.155011  0.001619
  0.166039  0.002419
  0.177036  0.003203
  0.188003  0.003964
  0.198967  0.004701
  0.209932  0.005413
  0.220900  0.006101
  0.231869  0.006766
  0.242841  0.007407
  0.253814  0.008026
  0.264790  0.008621
  0.275767  0.009194
  0.286747  0.009745
  0.297728  0.010274
  0.308712  0.010782
  0.319698  0.011269
  0.330686  0.011734
  0.341676  0.012180
  0.352668  0.012605
  0.363663  0.013010
  0.374659  0.013396
  0.385658  0.013763
  0.396659  0.014110
  0.407662  0.014440
  0.418667  0.014751
  0.429675  0.015044
  0.440684  0.015319
  0.451696  0.015577
  0.462711  0.015819
  0.473727  0.016044
  0.484745  0.016252
  0.495762  0.016444
  0.506777  0.016619
  0.517792  0.016776
  0.528805  0.016916
  0.539816  0.017038
  0.550826  0.017141
  0.561834  0.017225
  0.572841  0.017289
  0.583845  0.017334
  0.594848  0.017358
  0.605849  0.017362
  0.616848  0.017345
  0.627845  0.017306
  0.638840  0.017245
  0.649833  0.017162
  0.660823  0.017056
  0.671812  0.016926
  0.682797  0.016774
  0.693780  0.016597
  0.704761  0.016396
  0.715739  0.016170
  0.726714  0.015918
  0.737687  0.015641
  0.748657  0.015338
  0.759624  0.015009
  0.770588  0.014653
  0.781549  0.014269
  0.792506  0.013858
  0.803461  0.013418
  0.814412  0.012950
  0.825361  0.012453
  0.836305  0.011927
  0.847247  0.011371
  0.858184  0.010785
  0.869119  0.010169
  0.880049  0.009521
  0.890976  0.008842
  0.901899  0.008131
  0.912819  0.007389
  0.923734  0.006613
  0.934645  0.005805
  0.945553  0.004963
  0.956456  0.004088
  0.967355  0.003178
  0.978250  0.002234
  0.989141  0.001255
  1.000027  0.000240
