Section 20% AIRFOIL
   0.997910  0.002124
  0.987100  0.004208
  0.976268  0.006236
  0.965415  0.008213
  0.954540  0.010142
  0.943644  0.012025
  0.932728  0.013867
  0.921790  0.015672
  0.910832  0.017443
  0.899854  0.019182
  0.888856  0.020896
  0.877838  0.022585
  0.866800  0.024256
  0.855743  0.025911
  0.844667  0.027554
  0.833573  0.029189
  0.822459  0.030819
  0.811329  0.032450
  0.800207  0.034080
  0.789101  0.035713
  0.778012  0.037352
  0.766941  0.039001
  0.755888  0.040665
  0.744853  0.042346
  0.733837  0.044048
  0.722838  0.045777
  0.711822  0.047536
  0.700774  0.049322
  0.689692  0.051128
  0.678578  0.052945
  0.667479  0.054757
  0.656413  0.056554
  0.645380  0.058327
  0.634379  0.060070
  0.623408  0.061775
  0.612467  0.063434
  0.601555  0.065041
  0.590671  0.066588
  0.579814  0.068069
  0.568984  0.069476
  0.558179  0.070804
  0.547399  0.072045
  0.536644  0.073194
  0.525911  0.074244
  0.515201  0.075188
  0.504512  0.076022
  0.493844  0.076738
  0.483195  0.077332
  0.472564  0.077797
  0.461944  0.078128
  0.451317  0.078324
  0.440688  0.078384
  0.430060  0.078307
  0.419436  0.078092
  0.408821  0.077738
  0.398216  0.077245
  0.387627  0.076612
  0.377056  0.075838
  0.366479  0.074921
  0.355867  0.073868
  0.345217  0.072688
  0.334529  0.071391
  0.323800  0.069988
  0.313031  0.068490
  0.302213  0.066908
  0.291339  0.065253
  0.280405  0.063542
  0.269406  0.061786
  0.258339  0.060002
  0.247261  0.058215
  0.236248  0.056454
  0.225297  0.054733
  0.214404  0.053068
  0.203564  0.051471
  0.192775  0.049957
  0.181976  0.048529
  0.171063  0.047159
  0.160035  0.045826
  0.148894  0.044507
  0.137743  0.043188
  0.126710  0.041859
  0.115800  0.040498
  0.105016  0.039083
  0.094361  0.037591
  0.083837  0.036005
  0.073448  0.034305
  0.063322  0.032492
  0.053953  0.030575
  0.045264  0.028441
  0.037135  0.026005
  0.029455  0.023196
  0.022126  0.019944
  0.015195  0.016248
  0.009871  0.012772
  0.006205  0.009687
  0.003746  0.006948
  0.002087  0.004424
  0.000988  0.001991
  0.000329  -0.000462
  0.000095  -0.002830
  0.000245  -0.004920
  0.000718  -0.006751
  0.001564  -0.008530
  0.003007  -0.010530
  0.005432  -0.012912
  0.009435  -0.015815
  0.014381  -0.018549
  0.020126  -0.020933
  0.027322  -0.023183
  0.036406  -0.025512
  0.045775  -0.027575
  0.055307  -0.029354
  0.064989  -0.030856
  0.074807  -0.032092
  0.084746  -0.033073
  0.094788  -0.033812
  0.104901  -0.034319
  0.115074  -0.034604
  0.125309  -0.034677
  0.135607  -0.034550
  0.145968  -0.034232
  0.156394  -0.033736
  0.166885  -0.033073
  0.177440  -0.032256
  0.188061  -0.031297
  0.198747  -0.030211
  0.209497  -0.029011
  0.220313  -0.027713
  0.231190  -0.026332
  0.242118  -0.024883
  0.253097  -0.023380
  0.264131  -0.021835
  0.275222  -0.020261
  0.286353  -0.018675
  0.297432  -0.017104
  0.308452  -0.015565
  0.319413  -0.014069
  0.330320  -0.012631
  0.341175  -0.011262
  0.351981  -0.009974
  0.362743  -0.008778
  0.373507  -0.007677
  0.384290  -0.006668
  0.395090  -0.005750
  0.405908  -0.004922
  0.416740  -0.004182
  0.427587  -0.003528
  0.438448  -0.002959
  0.449321  -0.002474
  0.460204  -0.002071
  0.471098  -0.001749
  0.482001  -0.001506
  0.492912  -0.001341
  0.503829  -0.001252
  0.514754  -0.001238
  0.525695  -0.001295
  0.536653  -0.001421
  0.547629  -0.001610
  0.558624  -0.001859
  0.569637  -0.002163
  0.580669  -0.002518
  0.591719  -0.002921
  0.602789  -0.003366
  0.613878  -0.003849
  0.624987  -0.004366
  0.636116  -0.004913
  0.647266  -0.005484
  0.658435  -0.006076
  0.669626  -0.006683
  0.680837  -0.007301
  0.692070  -0.007926
  0.703305  -0.008551
  0.714520  -0.009171
  0.725715  -0.009780
  0.736889  -0.010374
  0.748043  -0.010949
  0.759177  -0.011499
  0.770291  -0.012021
  0.781387  -0.012509
  0.792463  -0.012960
  0.803520  -0.013369
  0.814559  -0.013731
  0.825555  -0.014040
  0.836482  -0.014283
  0.847340  -0.014445
  0.858130  -0.014513
  0.868851  -0.014472
  0.879505  -0.014311
  0.890091  -0.014017
  0.900611  -0.013578
  0.911066  -0.012984
  0.921456  -0.012222
  0.931736  -0.011284
  0.941802  -0.010152
  0.951641  -0.008798
  0.961245  -0.007196
  0.971158  -0.005242
  0.981728  -0.003056
  0.991266  -0.001268
  1.000000  0.000006
