Section 20% AIRFOIL
   0.997210  0.001829
  0.986235  0.003073
  0.975262  0.004362
  0.964292  0.005694
  0.953323  0.007067
  0.942355  0.008481
  0.931389  0.009933
  0.920422  0.011422
  0.909456  0.012947
  0.898488  0.014505
  0.887519  0.016096
  0.876548  0.017718
  0.865575  0.019369
  0.854600  0.021048
  0.843620  0.022753
  0.832637  0.024482
  0.821650  0.026235
  0.810658  0.028009
  0.799660  0.029802
  0.788657  0.031614
  0.777647  0.033442
  0.766631  0.035285
  0.755607  0.037142
  0.744575  0.039010
  0.733534  0.040888
  0.722485  0.042774
  0.711419  0.044668
  0.700356  0.046560
  0.689317  0.048442
  0.678300  0.050307
  0.667305  0.052151
  0.656331  0.053966
  0.645379  0.055749
  0.634448  0.057493
  0.623536  0.059193
  0.612645  0.060844
  0.601773  0.062440
  0.590920  0.063976
  0.580085  0.065447
  0.569269  0.066849
  0.558470  0.068176
  0.547689  0.069423
  0.536924  0.070585
  0.526175  0.071658
  0.515443  0.072638
  0.504725  0.073518
  0.494023  0.074296
  0.483335  0.074966
  0.472660  0.075524
  0.461988  0.075966
  0.451303  0.076294
  0.440607  0.076507
  0.429901  0.076607
  0.419187  0.076595
  0.408468  0.076472
  0.397744  0.076238
  0.387018  0.075894
  0.376292  0.075442
  0.365567  0.074882
  0.354845  0.074215
  0.344128  0.073442
  0.333418  0.072565
  0.322717  0.071584
  0.311997  0.070499
  0.301231  0.069317
  0.290416  0.068051
  0.279551  0.066712
  0.268631  0.065313
  0.257654  0.063865
  0.246616  0.062383
  0.235515  0.060880
  0.224427  0.059380
  0.213397  0.057905
  0.202420  0.056467
  0.191404  0.055060
  0.180289  0.053660
  0.169200  0.052260
  0.158214  0.050847
  0.147332  0.049400
  0.136555  0.047901
  0.125886  0.046329
  0.115326  0.044669
  0.104877  0.042901
  0.094539  0.041012
  0.084315  0.038984
  0.074211  0.036807
  0.064445  0.034496
  0.055119  0.032018
  0.046209  0.029317
  0.037690  0.026346
  0.029537  0.023066
  0.021721  0.019439
  0.014866  0.015762
  0.009983  0.012527
  0.006296  0.009370
  0.003454  0.006160
  0.001569  0.003246
  0.000551  0.000907
  0.000065  -0.001084
  -0.000054  -0.002907
  0.000132  -0.004643
  0.000617  -0.006330
  0.001482  -0.008088
  0.002963  -0.010118
  0.005408  -0.012524
  0.009219  -0.015302
  0.013890  -0.017862
  0.019344  -0.020063
  0.026097  -0.022036
  0.035015  -0.024030
  0.044651  -0.025864
  0.054395  -0.027429
  0.064247  -0.028740
  0.074208  -0.029811
  0.084279  -0.030657
  0.094458  -0.031294
  0.104735  -0.031736
  0.115069  -0.031995
  0.125454  -0.032079
  0.135890  -0.031996
  0.146376  -0.031755
  0.156914  -0.031364
  0.167501  -0.030833
  0.178138  -0.030172
  0.188824  -0.029390
  0.199557  -0.028498
  0.210339  -0.027506
  0.221167  -0.026424
  0.232040  -0.025265
  0.242959  -0.024040
  0.253922  -0.022759
  0.264933  -0.021435
  0.275992  -0.020078
  0.287104  -0.018702
  0.298220  -0.017325
  0.309281  -0.015966
  0.320288  -0.014638
  0.331243  -0.013354
  0.342150  -0.012123
  0.353011  -0.010958
  0.363828  -0.009868
  0.374636  -0.008859
  0.385462  -0.007928
  0.396304  -0.007074
  0.407161  -0.006295
  0.418034  -0.005589
  0.428920  -0.004954
  0.439820  -0.004390
  0.450731  -0.003894
  0.461655  -0.003464
  0.472588  -0.003100
  0.483532  -0.002798
  0.494485  -0.002559
  0.505446  -0.002379
  0.516416  -0.002257
  0.527397  -0.002191
  0.538389  -0.002178
  0.549392  -0.002215
  0.560407  -0.002301
  0.571433  -0.002431
  0.582471  -0.002605
  0.593520  -0.002819
  0.604581  -0.003071
  0.615654  -0.003358
  0.626738  -0.003677
  0.637835  -0.004026
  0.648943  -0.004402
  0.660064  -0.004802
  0.671197  -0.005224
  0.682342  -0.005664
  0.693499  -0.006121
  0.704669  -0.006591
  0.715852  -0.007072
  0.727047  -0.007560
  0.738254  -0.008053
  0.749471  -0.008548
  0.760679  -0.009042
  0.771875  -0.009530
  0.783057  -0.010011
  0.794227  -0.010481
  0.805385  -0.010938
  0.816528  -0.011379
  0.827612  -0.011794
  0.838623  -0.012168
  0.849563  -0.012485
  0.860433  -0.012732
  0.871234  -0.012893
  0.881968  -0.012955
  0.892636  -0.012904
  0.903240  -0.012730
  0.913781  -0.012418
  0.924253  -0.011958
  0.934389  -0.011333
  0.944053  -0.010482
  0.953272  -0.009346
  0.962109  -0.007876
  0.971481  -0.005906
  0.981958  -0.003502
  0.991484  -0.001459
  0.999999  0.000002
