Section 20% AIRFOIL
   0.999993  -0.000068
  0.990018  0.003218
  0.979928  0.006317
  0.969723  0.009242
  0.959403  0.012006
  0.948970  0.014623
  0.938423  0.017109
  0.927766  0.019477
  0.917000  0.021745
  0.906127  0.023928
  0.895149  0.026045
  0.884070  0.028112
  0.872891  0.030150
  0.861616  0.032178
  0.850302  0.034207
  0.839023  0.036243
  0.827724  0.038294
  0.816404  0.040355
  0.805081  0.042417
  0.793783  0.044469
  0.782507  0.046506
  0.771251  0.048523
  0.760016  0.050515
  0.748798  0.052476
  0.737598  0.054401
  0.726412  0.056285
  0.715241  0.058124
  0.704090  0.059910
  0.692960  0.061636
  0.681853  0.063296
  0.670768  0.064881
  0.659704  0.066386
  0.648661  0.067804
  0.637640  0.069129
  0.626641  0.070353
  0.615662  0.071471
  0.604704  0.072477
  0.593767  0.073364
  0.582845  0.074127
  0.571910  0.074767
  0.560957  0.075284
  0.549987  0.075681
  0.539002  0.075961
  0.528003  0.076125
  0.516991  0.076175
  0.505969  0.076113
  0.494937  0.075942
  0.483897  0.075664
  0.472851  0.075280
  0.461800  0.074792
  0.450739  0.074204
  0.439666  0.073518
  0.428581  0.072739
  0.417483  0.071870
  0.406373  0.070916
  0.395250  0.069880
  0.384114  0.068767
  0.372965  0.067581
  0.361803  0.066325
  0.350629  0.065004
  0.339441  0.063623
  0.328241  0.062185
  0.317028  0.060695
  0.305801  0.059158
  0.294565  0.057577
  0.283324  0.055958
  0.272077  0.054301
  0.260823  0.052610
  0.249562  0.050888
  0.238293  0.049136
  0.227016  0.047358
  0.215730  0.045557
  0.204434  0.043734
  0.193128  0.041892
  0.181811  0.040035
  0.170482  0.038165
  0.159134  0.036284
  0.147773  0.034399
  0.136437  0.032523
  0.125129  0.030664
  0.113848  0.028828
  0.102592  0.027021
  0.091361  0.025249
  0.080155  0.023519
  0.068973  0.021837
  0.057815  0.020208
  0.046664  0.018637
  0.036490  0.017136
  0.027856  0.015503
  0.020251  0.013546
  0.013337  0.011152
  0.007636  0.008575
  0.004448  0.006589
  0.002630  0.004987
  0.001447  0.003506
  0.000664  0.002045
  0.000178  0.000501
  -0.000030  -0.001381
  0.000149  -0.003656
  0.000783  -0.005967
  0.001917  -0.008238
  0.003802  -0.010738
  0.007032  -0.013842
  0.011426  -0.017098
  0.016764  -0.020154
  0.023310  -0.023086
  0.030552  -0.025661
  0.038253  -0.027780
  0.046477  -0.029472
  0.055280  -0.030765
  0.064719  -0.031702
  0.074835  -0.032350
  0.085330  -0.032773
  0.095952  -0.032994
  0.106707  -0.033037
  0.117604  -0.032929
  0.128651  -0.032699
  0.139856  -0.032380
  0.151228  -0.032006
  0.162676  -0.031620
  0.173965  -0.031268
  0.185090  -0.030989
  0.196060  -0.030815
  0.206886  -0.030777
  0.217655  -0.030898
  0.228429  -0.031181
  0.239203  -0.031627
  0.249973  -0.032234
  0.260734  -0.033003
  0.271484  -0.033933
  0.282217  -0.035023
  0.292930  -0.036275
  0.303618  -0.037687
  0.314278  -0.039258
  0.324906  -0.040990
  0.335498  -0.042880
  0.346053  -0.044929
  0.356627  -0.047143
  0.367242  -0.049512
  0.377902  -0.052022
  0.388616  -0.054660
  0.399389  -0.057408
  0.410228  -0.060253
  0.421140  -0.063177
  0.432133  -0.066162
  0.443212  -0.069190
  0.454284  -0.072215
  0.465284  -0.075197
  0.476218  -0.078118
  0.487089  -0.080958
  0.497892  -0.083697
  0.508629  -0.086315
  0.519302  -0.088793
  0.529911  -0.091114
  0.540457  -0.093261
  0.550941  -0.095219
  0.561364  -0.096973
  0.571728  -0.098509
  0.582033  -0.099812
  0.592283  -0.100872
  0.602479  -0.101675
  0.612636  -0.102211
  0.622822  -0.102480
  0.633047  -0.102484
  0.643301  -0.102226
  0.653578  -0.101710
  0.663868  -0.100940
  0.674165  -0.099918
  0.684458  -0.098650
  0.694740  -0.097138
  0.705001  -0.095387
  0.715233  -0.093402
  0.725427  -0.091186
  0.735572  -0.088746
  0.745670  -0.086083
  0.755768  -0.083194
  0.765883  -0.080088
  0.776025  -0.076780
  0.786202  -0.073283
  0.796423  -0.069613
  0.806694  -0.065786
  0.817027  -0.061819
  0.827428  -0.057730
  0.837909  -0.053539
  0.848480  -0.049266
  0.859140  -0.044937
  0.869760  -0.040633
  0.880279  -0.036404
  0.890670  -0.032297
  0.900940  -0.028345
  0.911102  -0.024577
  0.921168  -0.021020
  0.931147  -0.017697
  0.941051  -0.014631
  0.950889  -0.011841
  0.960671  -0.009345
  0.970409  -0.007158
  0.980116  -0.005297
  0.989804  -0.003775
  0.999488  -0.002606
