Section 20% AIRFOIL
   0.999967  -0.000129
  0.990078  0.003329
  0.980098  0.006615
  0.970029  0.009738
  0.959872  0.012705
  0.949629  0.015524
  0.939302  0.018204
  0.928892  0.020752
  0.918403  0.023178
  0.907837  0.025490
  0.897196  0.027696
  0.886483  0.029807
  0.875702  0.031831
  0.864854  0.033778
  0.853944  0.035659
  0.842975  0.037483
  0.831956  0.039260
  0.820912  0.040992
  0.809845  0.042684
  0.798754  0.044340
  0.787640  0.045965
  0.776502  0.047562
  0.765341  0.049137
  0.754155  0.050693
  0.742945  0.052236
  0.731710  0.053770
  0.720452  0.055300
  0.709179  0.056829
  0.697924  0.058351
  0.686689  0.059859
  0.675472  0.061349
  0.664275  0.062815
  0.653097  0.064252
  0.641938  0.065656
  0.630798  0.067020
  0.619677  0.068341
  0.608574  0.069613
  0.597490  0.070830
  0.586424  0.071989
  0.575376  0.073085
  0.564347  0.074112
  0.553336  0.075067
  0.542343  0.075945
  0.531367  0.076740
  0.520410  0.077449
  0.509470  0.078068
  0.498548  0.078591
  0.487642  0.079015
  0.476754  0.079335
  0.465883  0.079547
  0.455020  0.079648
  0.444149  0.079637
  0.433270  0.079515
  0.422385  0.079284
  0.411496  0.078944
  0.400603  0.078496
  0.389708  0.077942
  0.378813  0.077283
  0.367919  0.076519
  0.357028  0.075653
  0.346140  0.074684
  0.335258  0.073615
  0.324383  0.072446
  0.313517  0.071178
  0.302657  0.069813
  0.291778  0.068351
  0.280876  0.066800
  0.269947  0.065166
  0.258990  0.063458
  0.248004  0.061684
  0.236986  0.059851
  0.225935  0.057970
  0.214848  0.056047
  0.203725  0.054092
  0.192563  0.052114
  0.181365  0.050122
  0.170168  0.048133
  0.158971  0.046145
  0.147809  0.044155
  0.136684  0.042156
  0.125597  0.040140
  0.114549  0.038101
  0.103542  0.036030
  0.092577  0.033921
  0.081655  0.031767
  0.070776  0.029560
  0.059943  0.027293
  0.049156  0.024961
  0.039025  0.022658
  0.030253  0.020353
  0.022506  0.017846
  0.015537  0.015024
  0.009149  0.011793
  0.004802  0.009074
  0.002762  0.007309
  0.001579  0.005830
  0.000786  0.004304
  0.000291  0.002608
  0.000113  0.000817
  0.000268  -0.000939
  0.000766  -0.002687
  0.001716  -0.004603
  0.003363  -0.006833
  0.006163  -0.009538
  0.010511  -0.012684
  0.015685  -0.015562
  0.021768  -0.018147
  0.029370  -0.020685
  0.037632  -0.022926
  0.046283  -0.024793
  0.055324  -0.026303
  0.064746  -0.027478
  0.074535  -0.028348
  0.084663  -0.028950
  0.094949  -0.029317
  0.105295  -0.029461
  0.115705  -0.029395
  0.126184  -0.029134
  0.136737  -0.028693
  0.147371  -0.028088
  0.158087  -0.027334
  0.168891  -0.026449
  0.179789  -0.025452
  0.190782  -0.024361
  0.201877  -0.023197
  0.213078  -0.021982
  0.224379  -0.020740
  0.235659  -0.019504
  0.246881  -0.018295
  0.258047  -0.017126
  0.269154  -0.016011
  0.280206  -0.014963
  0.291200  -0.013994
  0.302138  -0.013117
  0.313020  -0.012343
  0.323845  -0.011684
  0.334615  -0.011152
  0.345329  -0.010756
  0.355991  -0.010507
  0.366654  -0.010409
  0.377343  -0.010458
  0.388056  -0.010649
  0.398794  -0.010978
  0.409556  -0.011439
  0.420341  -0.012027
  0.431151  -0.012737
  0.441983  -0.013565
  0.452838  -0.014503
  0.463716  -0.015548
  0.474615  -0.016694
  0.485535  -0.017934
  0.496481  -0.019265
  0.507474  -0.020679
  0.518516  -0.022164
  0.529610  -0.023710
  0.540757  -0.025304
  0.551958  -0.026932
  0.563215  -0.028583
  0.574472  -0.030234
  0.585669  -0.031862
  0.596808  -0.033455
  0.607890  -0.035000
  0.618918  -0.036484
  0.629893  -0.037896
  0.640815  -0.039225
  0.651687  -0.040458
  0.662510  -0.041586
  0.673285  -0.042597
  0.684015  -0.043482
  0.694699  -0.044231
  0.705341  -0.044833
  0.715942  -0.045281
  0.726504  -0.045565
  0.737029  -0.045675
  0.747519  -0.045604
  0.757976  -0.045343
  0.768402  -0.044884
  0.778747  -0.044217
  0.788968  -0.043328
  0.799046  -0.042199
  0.808963  -0.040815
  0.818703  -0.039165
  0.828311  -0.037224
  0.838076  -0.034951
  0.848083  -0.032372
  0.858383  -0.029529
  0.869032  -0.026477
  0.879868  -0.023351
  0.890526  -0.020326
  0.901022  -0.017444
  0.911369  -0.014741
  0.921573  -0.012250
  0.931644  -0.010000
  0.941590  -0.008018
  0.951417  -0.006327
  0.961134  -0.004948
  0.970753  -0.003898
  0.980281  -0.003196
  0.989735  -0.002857
  0.999128  -0.002897
