Section 20% AIRFOIL
   0.998486  0.002293
  0.988710  0.005362
  0.978828  0.008229
  0.968839  0.010908
  0.958743  0.013410
  0.948540  0.015750
  0.938230  0.017939
  0.927814  0.019993
  0.917293  0.021925
  0.906668  0.023751
  0.895941  0.025485
  0.885114  0.027145
  0.874187  0.028748
  0.863165  0.030312
  0.852062  0.031853
  0.840927  0.033375
  0.829765  0.034884
  0.818578  0.036384
  0.807366  0.037881
  0.796148  0.039377
  0.784956  0.040876
  0.773790  0.042381
  0.762653  0.043898
  0.751544  0.045432
  0.740464  0.046990
  0.729415  0.048575
  0.718376  0.050195
  0.707315  0.051850
  0.696228  0.053535
  0.685113  0.055243
  0.673969  0.056966
  0.662799  0.058698
  0.651646  0.060425
  0.640522  0.062137
  0.629422  0.063827
  0.618347  0.065491
  0.607293  0.067120
  0.596258  0.068708
  0.585252  0.070248
  0.574288  0.071726
  0.563368  0.073131
  0.552491  0.074451
  0.541660  0.075676
  0.530873  0.076795
  0.520132  0.077798
  0.509436  0.078674
  0.498787  0.079414
  0.488184  0.080009
  0.477627  0.080450
  0.467117  0.080727
  0.456620  0.080834
  0.446099  0.080775
  0.435555  0.080553
  0.424989  0.080173
  0.414402  0.079639
  0.403796  0.078956
  0.393171  0.078128
  0.382529  0.077159
  0.371872  0.076055
  0.361201  0.074820
  0.350517  0.073458
  0.339822  0.071976
  0.329118  0.070377
  0.318406  0.068667
  0.307688  0.066850
  0.296945  0.064931
  0.286121  0.062914
  0.275207  0.060819
  0.264195  0.058669
  0.253114  0.056494
  0.242120  0.054350
  0.231228  0.052266
  0.220434  0.050262
  0.209729  0.048360
  0.199106  0.046579
  0.188562  0.044937
  0.178087  0.043453
  0.167570  0.042120
  0.156893  0.040906
  0.146052  0.039782
  0.135045  0.038719
  0.123872  0.037683
  0.112643  0.036648
  0.101568  0.035598
  0.090656  0.034500
  0.079902  0.033321
  0.069307  0.032033
  0.058905  0.030615
  0.049427  0.029092
  0.040984  0.027351
  0.033383  0.025298
  0.026476  0.022878
  0.020113  0.020036
  0.014213  0.016733
  0.009377  0.013345
  0.005798  0.010097
  0.003161  0.006913
  0.001413  0.003988
  0.000457  0.001538
  0.000022  -0.000646
  -0.000008  -0.002735
  0.000327  -0.004776
  0.001035  -0.006762
  0.002215  -0.008796
  0.004196  -0.011144
  0.007434  -0.013924
  0.012081  -0.016948
  0.017447  -0.019618
  0.023908  -0.022065
  0.032358  -0.024622
  0.041644  -0.027070
  0.051106  -0.029235
  0.060716  -0.031115
  0.070449  -0.032713
  0.080274  -0.034029
  0.090163  -0.035066
  0.100109  -0.035830
  0.110124  -0.036333
  0.120211  -0.036586
  0.130371  -0.036602
  0.140606  -0.036391
  0.150917  -0.035968
  0.161306  -0.035345
  0.171772  -0.034537
  0.182315  -0.033558
  0.192936  -0.032423
  0.203635  -0.031150
  0.214410  -0.029756
  0.225254  -0.028259
  0.236155  -0.026677
  0.247116  -0.025025
  0.258140  -0.023317
  0.269231  -0.021568
  0.280388  -0.019797
  0.291511  -0.018036
  0.302561  -0.016307
  0.313543  -0.014628
  0.324461  -0.013012
  0.335317  -0.011475
  0.346117  -0.010031
  0.356868  -0.008692
  0.367623  -0.007460
  0.378398  -0.006332
  0.389192  -0.005308
  0.400003  -0.004386
  0.410830  -0.003565
  0.421671  -0.002844
  0.432526  -0.002222
  0.443392  -0.001697
  0.454269  -0.001270
  0.465154  -0.000938
  0.476048  -0.000700
  0.486948  -0.000556
  0.497852  -0.000504
  0.508760  -0.000543
  0.519683  -0.000671
  0.530629  -0.000884
  0.541599  -0.001175
  0.552593  -0.001539
  0.563611  -0.001972
  0.574655  -0.002466
  0.585724  -0.003017
  0.596819  -0.003618
  0.607940  -0.004264
  0.619088  -0.004949
  0.630264  -0.005666
  0.641467  -0.006410
  0.652697  -0.007173
  0.663957  -0.007950
  0.675243  -0.008734
  0.686518  -0.009516
  0.697765  -0.010287
  0.708983  -0.011043
  0.720174  -0.011775
  0.731337  -0.012478
  0.742474  -0.013146
  0.753584  -0.013773
  0.764668  -0.014352
  0.775726  -0.014878
  0.786759  -0.015346
  0.797768  -0.015748
  0.808752  -0.016080
  0.819706  -0.016336
  0.830584  -0.016504
  0.841374  -0.016566
  0.852077  -0.016505
  0.862695  -0.016304
  0.873229  -0.015948
  0.883696  -0.015423
  0.894130  -0.014719
  0.904523  -0.013832
  0.914869  -0.012759
  0.925165  -0.011495
  0.935560  -0.010026
  0.946187  -0.008374
  0.957073  -0.006587
  0.968155  -0.004738
  0.979011  -0.002962
  0.989611  -0.001327
  0.999982  0.000120
