Section 20% AIRFOIL
   0.999981  -0.000103
  0.989921  0.003263
  0.979778  0.006476
  0.969552  0.009547
  0.959245  0.012483
  0.948858  0.015293
  0.938392  0.017987
  0.927850  0.020573
  0.917233  0.023061
  0.906542  0.025460
  0.895780  0.027780
  0.884950  0.030031
  0.874053  0.032225
  0.863092  0.034371
  0.852069  0.036481
  0.840989  0.038565
  0.829898  0.040623
  0.818816  0.042648
  0.807743  0.044638
  0.796678  0.046591
  0.785620  0.048502
  0.774568  0.050369
  0.763523  0.052189
  0.752483  0.053959
  0.741449  0.055677
  0.730418  0.057340
  0.719391  0.058944
  0.708368  0.060488
  0.697352  0.061966
  0.686343  0.063376
  0.675341  0.064714
  0.664347  0.065977
  0.653362  0.067161
  0.642385  0.068262
  0.631417  0.069278
  0.620459  0.070205
  0.609511  0.071039
  0.598573  0.071778
  0.587646  0.072417
  0.576706  0.072958
  0.565740  0.073404
  0.554749  0.073759
  0.543733  0.074028
  0.532693  0.074216
  0.521629  0.074326
  0.510541  0.074364
  0.499430  0.074334
  0.488296  0.074240
  0.477140  0.074087
  0.465963  0.073881
  0.454768  0.073625
  0.443569  0.073323
  0.432366  0.072975
  0.421160  0.072583
  0.409950  0.072148
  0.398737  0.071671
  0.387521  0.071154
  0.376302  0.070596
  0.365080  0.070001
  0.353855  0.069368
  0.342628  0.068698
  0.331398  0.067994
  0.320165  0.067256
  0.308930  0.066485
  0.297701  0.065683
  0.286501  0.064848
  0.275335  0.063974
  0.264201  0.063054
  0.253100  0.062083
  0.242033  0.061055
  0.231000  0.059962
  0.220000  0.058801
  0.209034  0.057564
  0.198103  0.056246
  0.187205  0.054842
  0.176341  0.053346
  0.165511  0.051752
  0.154716  0.050057
  0.143962  0.048256
  0.133254  0.046345
  0.122594  0.044321
  0.111989  0.042180
  0.101442  0.039919
  0.090957  0.037532
  0.080538  0.035018
  0.070190  0.032373
  0.059917  0.029593
  0.049904  0.026718
  0.040527  0.023776
  0.031694  0.020651
  0.023308  0.017249
  0.015270  0.013481
  0.008881  0.009986
  0.005353  0.007474
  0.003184  0.005369
  0.001747  0.003420
  0.000794  0.001512
  0.000197  -0.000515
  -0.000029  -0.002599
  0.000115  -0.004495
  0.000592  -0.006177
  0.001486  -0.007910
  0.003139  -0.010024
  0.006274  -0.012877
  0.010896  -0.016119
  0.016297  -0.019041
  0.023010  -0.021877
  0.030817  -0.024566
  0.039017  -0.026856
  0.047608  -0.028758
  0.056598  -0.030291
  0.065975  -0.031479
  0.075731  -0.032353
  0.085800  -0.032953
  0.095981  -0.033297
  0.106255  -0.033404
  0.116628  -0.033289
  0.127108  -0.032974
  0.137702  -0.032477
  0.148415  -0.031821
  0.159254  -0.031029
  0.170225  -0.030127
  0.181335  -0.029141
  0.192591  -0.028103
  0.203906  -0.027051
  0.215090  -0.026038
  0.226179  -0.025089
  0.237227  -0.024214
  0.248232  -0.023423
  0.259195  -0.022725
  0.270113  -0.022132
  0.280987  -0.021650
  0.291814  -0.021290
  0.302595  -0.021061
  0.313327  -0.020970
  0.324011  -0.021027
  0.334645  -0.021238
  0.345230  -0.021613
  0.355778  -0.022159
  0.366361  -0.022878
  0.376994  -0.023762
  0.387675  -0.024799
  0.398407  -0.025980
  0.409190  -0.027292
  0.420024  -0.028724
  0.430910  -0.030265
  0.441848  -0.031900
  0.452838  -0.033619
  0.463883  -0.035406
  0.474981  -0.037249
  0.486134  -0.039133
  0.497339  -0.041043
  0.508559  -0.042958
  0.519720  -0.044852
  0.530821  -0.046711
  0.541867  -0.048524
  0.552862  -0.050278
  0.563810  -0.051962
  0.574713  -0.053563
  0.585576  -0.055073
  0.596402  -0.056479
  0.607196  -0.057772
  0.617960  -0.058941
  0.628700  -0.059978
  0.639422  -0.060873
  0.650123  -0.061618
  0.660798  -0.062206
  0.671440  -0.062629
  0.682045  -0.062879
  0.692606  -0.062948
  0.703119  -0.062830
  0.713579  -0.062518
  0.723981  -0.062006
  0.734319  -0.061286
  0.744592  -0.060353
  0.754793  -0.059200
  0.764936  -0.057820
  0.775102  -0.056206
  0.785304  -0.054366
  0.795545  -0.052312
  0.805828  -0.050056
  0.816155  -0.047611
  0.826528  -0.044991
  0.836949  -0.042210
  0.847422  -0.039282
  0.857946  -0.036224
  0.868526  -0.033051
  0.879170  -0.029780
  0.889984  -0.026408
  0.900716  -0.023072
  0.911219  -0.019877
  0.921517  -0.016868
  0.931634  -0.014081
  0.941592  -0.011548
  0.951412  -0.009298
  0.961114  -0.007357
  0.970718  -0.005744
  0.980245  -0.004481
  0.989719  -0.003585
  0.999165  -0.003074
