Section 20% AIRFOIL
   0.999963  -0.000122
  0.990471  0.003736
  0.980858  0.007375
  0.971125  0.010804
  0.961273  0.014032
  0.951306  0.017070
  0.941224  0.019924
  0.931033  0.022607
  0.920734  0.025127
  0.910332  0.027494
  0.899829  0.029719
  0.889232  0.031812
  0.878544  0.033786
  0.867770  0.035651
  0.856915  0.037420
  0.845984  0.039105
  0.834987  0.040719
  0.823943  0.042270
  0.812850  0.043767
  0.801710  0.045221
  0.790521  0.046642
  0.779283  0.048040
  0.767995  0.049426
  0.756664  0.050810
  0.745358  0.052195
  0.734098  0.053589
  0.722883  0.055003
  0.711699  0.056449
  0.700484  0.057935
  0.689229  0.059453
  0.677933  0.060996
  0.666597  0.062553
  0.655256  0.064111
  0.643951  0.065656
  0.632682  0.067178
  0.621449  0.068668
  0.610252  0.070119
  0.599088  0.071522
  0.587960  0.072868
  0.576865  0.074150
  0.565803  0.075359
  0.554774  0.076489
  0.543779  0.077532
  0.532815  0.078480
  0.521883  0.079325
  0.510982  0.080062
  0.500112  0.080683
  0.489273  0.081181
  0.478463  0.081550
  0.467682  0.081783
  0.456924  0.081874
  0.446156  0.081821
  0.435372  0.081625
  0.424573  0.081290
  0.413761  0.080819
  0.402938  0.080212
  0.392106  0.079475
  0.381267  0.078608
  0.370423  0.077615
  0.359576  0.076498
  0.348728  0.075261
  0.337881  0.073905
  0.327037  0.072435
  0.316199  0.070852
  0.305369  0.069160
  0.294531  0.067359
  0.283643  0.065453
  0.272697  0.063458
  0.261688  0.061387
  0.250611  0.059258
  0.239461  0.057087
  0.228255  0.054896
  0.217110  0.052727
  0.206038  0.050601
  0.195034  0.048534
  0.184094  0.046544
  0.173211  0.044644
  0.162346  0.042843
  0.151388  0.041117
  0.140330  0.039446
  0.129175  0.037812
  0.117925  0.036196
  0.106607  0.034580
  0.095362  0.032964
  0.084217  0.031331
  0.073171  0.029660
  0.062230  0.027934
  0.051393  0.026134
  0.040683  0.024248
  0.031067  0.022369
  0.022785  0.020346
  0.015750  0.018112
  0.010827  0.015970
  0.007147  0.013731
  0.004289  0.011336
  0.002272  0.008993
  0.001003  0.006846
  0.000265  0.004794
  -0.000072  0.002637
  -0.000013  0.000410
  0.000456  -0.001788
  0.001391  -0.004053
  0.002948  -0.006517
  0.005432  -0.009308
  0.009076  -0.012339
  0.013636  -0.015217
  0.019120  -0.017834
  0.026174  -0.020415
  0.034352  -0.022834
  0.042904  -0.024861
  0.051850  -0.026517
  0.061195  -0.027829
  0.070945  -0.028830
  0.081094  -0.029567
  0.091484  -0.030079
  0.101926  -0.030377
  0.112421  -0.030470
  0.122971  -0.030370
  0.133579  -0.030089
  0.144247  -0.029637
  0.154975  -0.029028
  0.165767  -0.028273
  0.176624  -0.027387
  0.187546  -0.026382
  0.198535  -0.025274
  0.209593  -0.024076
  0.220721  -0.022805
  0.231922  -0.021476
  0.243200  -0.020107
  0.254548  -0.018717
  0.265850  -0.017339
  0.277072  -0.015996
  0.288217  -0.014705
  0.299289  -0.013484
  0.310289  -0.012347
  0.321221  -0.011310
  0.332087  -0.010388
  0.342890  -0.009596
  0.353638  -0.008945
  0.364396  -0.008440
  0.375181  -0.008076
  0.385991  -0.007850
  0.396824  -0.007757
  0.407680  -0.007796
  0.418555  -0.007962
  0.429448  -0.008251
  0.440358  -0.008660
  0.451282  -0.009186
  0.462218  -0.009824
  0.473165  -0.010570
  0.484120  -0.011421
  0.495084  -0.012373
  0.506074  -0.013421
  0.517096  -0.014558
  0.528154  -0.015774
  0.539247  -0.017060
  0.550380  -0.018407
  0.561554  -0.019805
  0.572770  -0.021244
  0.584032  -0.022713
  0.595341  -0.024204
  0.606674  -0.025700
  0.617968  -0.027184
  0.629219  -0.028643
  0.640430  -0.030068
  0.651585  -0.031444
  0.662672  -0.032755
  0.673690  -0.033983
  0.684641  -0.035114
  0.695525  -0.036132
  0.706344  -0.037023
  0.717099  -0.037775
  0.727790  -0.038372
  0.738419  -0.038804
  0.748987  -0.039057
  0.759496  -0.039120
  0.769947  -0.038982
  0.780333  -0.038632
  0.790609  -0.038056
  0.800758  -0.037238
  0.810768  -0.036161
  0.820629  -0.034811
  0.830334  -0.033175
  0.840077  -0.031211
  0.850077  -0.028914
  0.860380  -0.026328
  0.871031  -0.023511
  0.881979  -0.020565
  0.892762  -0.017701
  0.903386  -0.014966
  0.913873  -0.012391
  0.924240  -0.010003
  0.934500  -0.007831
  0.944524  -0.005936
  0.954261  -0.004382
  0.963729  -0.003208
  0.972950  -0.002448
  0.981941  -0.002124
  0.990732  -0.002258
  0.999351  -0.002871
