Section 20% AIRFOIL
   0.995631  0.001373
  0.984903  0.002376
  0.974170  0.003485
  0.963432  0.004694
  0.952686  0.005999
  0.941933  0.007396
  0.931170  0.008880
  0.920396  0.010447
  0.909611  0.012090
  0.898813  0.013807
  0.888002  0.015590
  0.877176  0.017437
  0.866334  0.019340
  0.855474  0.021297
  0.844597  0.023300
  0.833701  0.025344
  0.822784  0.027426
  0.811846  0.029538
  0.800886  0.031675
  0.789901  0.033832
  0.778892  0.036003
  0.767863  0.038181
  0.756853  0.040353
  0.745866  0.042510
  0.734901  0.044649
  0.723958  0.046762
  0.713035  0.048845
  0.702131  0.050891
  0.691243  0.052897
  0.680354  0.054862
  0.669465  0.056784
  0.658575  0.058662
  0.647684  0.060495
  0.636792  0.062281
  0.625899  0.064019
  0.615006  0.065708
  0.604112  0.067346
  0.593217  0.068932
  0.582322  0.070465
  0.571427  0.071942
  0.560531  0.073364
  0.549635  0.074728
  0.538738  0.076033
  0.527842  0.077278
  0.516945  0.078461
  0.506048  0.079581
  0.495151  0.080638
  0.484254  0.081629
  0.473357  0.082553
  0.462461  0.083409
  0.451564  0.084196
  0.440668  0.084912
  0.429772  0.085556
  0.418876  0.086127
  0.407985  0.086622
  0.397100  0.087041
  0.386224  0.087379
  0.375358  0.087634
  0.364501  0.087805
  0.353656  0.087889
  0.342824  0.087884
  0.332005  0.087786
  0.321200  0.087595
  0.310411  0.087306
  0.299638  0.086920
  0.288883  0.086432
  0.278146  0.085841
  0.267429  0.085144
  0.256732  0.084340
  0.246056  0.083425
  0.235402  0.082399
  0.224771  0.081258
  0.214164  0.080001
  0.203582  0.078625
  0.193025  0.077129
  0.182494  0.075509
  0.171990  0.073765
  0.161520  0.071894
  0.151125  0.069897
  0.140817  0.067766
  0.130605  0.065490
  0.120494  0.063060
  0.110491  0.060467
  0.100602  0.057703
  0.090831  0.054759
  0.081184  0.051627
  0.071666  0.048298
  0.062280  0.044766
  0.053173  0.041073
  0.044604  0.037268
  0.036570  0.033297
  0.029043  0.029107
  0.021996  0.024655
  0.015397  0.019895
  0.009950  0.015357
  0.006053  0.011354
  0.003137  0.007481
  0.001290  0.004137
  0.000367  0.001556
  0.000007  -0.000544
  0.000030  -0.002526
  0.000420  -0.004598
  0.001244  -0.006823
  0.002597  -0.009191
  0.004578  -0.011642
  0.007095  -0.013910
  0.010147  -0.015901
  0.014117  -0.017731
  0.019616  -0.019458
  0.027903  -0.021285
  0.037068  -0.022868
  0.046345  -0.024079
  0.055782  -0.024952
  0.065422  -0.025520
  0.075306  -0.025820
  0.085360  -0.025883
  0.095522  -0.025725
  0.105792  -0.025361
  0.116172  -0.024809
  0.126661  -0.024087
  0.137261  -0.023214
  0.147972  -0.022210
  0.158794  -0.021098
  0.169727  -0.019902
  0.180763  -0.018647
  0.191841  -0.017358
  0.202950  -0.016045
  0.214093  -0.014717
  0.225247  -0.013385
  0.236362  -0.012066
  0.247436  -0.010767
  0.258472  -0.009497
  0.269471  -0.008265
  0.280436  -0.007079
  0.291370  -0.005947
  0.302295  -0.004873
  0.313235  -0.003854
  0.324189  -0.002888
  0.335156  -0.001976
  0.346137  -0.001114
  0.357129  -0.000301
  0.368134  0.000463
  0.379150  0.001181
  0.390177  0.001855
  0.401215  0.002485
  0.412263  0.003074
  0.423321  0.003623
  0.434388  0.004133
  0.445464  0.004606
  0.456543  0.005044
  0.467624  0.005445
  0.478706  0.005811
  0.489791  0.006142
  0.500878  0.006438
  0.511966  0.006699
  0.523056  0.006926
  0.534147  0.007118
  0.545240  0.007276
  0.556334  0.007401
  0.567429  0.007492
  0.578526  0.007549
  0.589624  0.007574
  0.600723  0.007566
  0.611822  0.007525
  0.622923  0.007452
  0.634025  0.007347
  0.645128  0.007210
  0.656231  0.007041
  0.667335  0.006841
  0.678439  0.006610
  0.689544  0.006349
  0.700649  0.006056
  0.711755  0.005733
  0.722861  0.005380
  0.733967  0.004998
  0.745073  0.004585
  0.756180  0.004143
  0.767286  0.003673
  0.778392  0.003173
  0.789498  0.002644
  0.800608  0.002088
  0.811745  0.001505
  0.822913  0.000903
  0.834112  0.000289
  0.845334  -0.000330
  0.856531  -0.000944
  0.867697  -0.001544
  0.878832  -0.002125
  0.889938  -0.002679
  0.901015  -0.003199
  0.912064  -0.003680
  0.923080  -0.004113
  0.933841  -0.004467
  0.944217  -0.004668
  0.954239  -0.004653
  0.963935  -0.004374
  0.973330  -0.003788
  0.982453  -0.002863
  0.991334  -0.001569
  1.000005  0.000125
