Section 20% AIRFOIL
   0.999999  -0.000001
  0.989348  0.003182
  0.978721  0.006294
  0.968115  0.009323
  0.957530  0.012261
  0.946964  0.015098
  0.936418  0.017824
  0.925889  0.020432
  0.915376  0.022911
  0.904880  0.025253
  0.894362  0.027459
  0.883723  0.029562
  0.872955  0.031583
  0.862061  0.033545
  0.851041  0.035473
  0.839898  0.037391
  0.828707  0.039309
  0.817534  0.041215
  0.806380  0.043104
  0.795242  0.044974
  0.784121  0.046818
  0.773015  0.048633
  0.761924  0.050415
  0.750847  0.052160
  0.739782  0.053862
  0.728730  0.055519
  0.717690  0.057126
  0.706653  0.058681
  0.695615  0.060182
  0.684575  0.061628
  0.673533  0.063019
  0.662489  0.064353
  0.651445  0.065628
  0.640400  0.066844
  0.629354  0.067999
  0.618308  0.069092
  0.607262  0.070122
  0.596217  0.071087
  0.585173  0.071987
  0.574129  0.072819
  0.563087  0.073584
  0.552046  0.074279
  0.541007  0.074903
  0.529971  0.075456
  0.518936  0.075935
  0.507905  0.076341
  0.496876  0.076671
  0.485850  0.076924
  0.474828  0.077100
  0.463810  0.077197
  0.452790  0.077214
  0.441766  0.077152
  0.430738  0.077011
  0.419706  0.076793
  0.408673  0.076498
  0.397638  0.076126
  0.386602  0.075679
  0.375566  0.075157
  0.364531  0.074561
  0.353498  0.073892
  0.342467  0.073150
  0.331438  0.072336
  0.320414  0.071452
  0.309394  0.070497
  0.298382  0.069472
  0.287383  0.068378
  0.276395  0.067214
  0.265418  0.065979
  0.254453  0.064671
  0.243500  0.063292
  0.232558  0.061840
  0.221627  0.060314
  0.210708  0.058713
  0.199800  0.057037
  0.188902  0.055286
  0.178016  0.053458
  0.167143  0.051554
  0.156286  0.049572
  0.145449  0.047512
  0.134632  0.045375
  0.123841  0.043158
  0.113076  0.040863
  0.102341  0.038488
  0.091639  0.036033
  0.080972  0.033498
  0.070344  0.030882
  0.059756  0.028186
  0.049349  0.025439
  0.039803  0.022727
  0.031035  0.019891
  0.022858  0.016794
  0.015128  0.013328
  0.008324  0.009718
  0.004733  0.007289
  0.002769  0.005454
  0.001613  0.003932
  0.000896  0.002545
  0.000463  0.001138
  0.000287  -0.000406
  0.000409  -0.002140
  0.000884  -0.003974
  0.001737  -0.005738
  0.003141  -0.007596
  0.005591  -0.009848
  0.010173  -0.012955
  0.015770  -0.015920
  0.022230  -0.018573
  0.030003  -0.021121
  0.038307  -0.023333
  0.046995  -0.025174
  0.056063  -0.026657
  0.065500  -0.027804
  0.075282  -0.028641
  0.085379  -0.029206
  0.095623  -0.029527
  0.105934  -0.029620
  0.116320  -0.029499
  0.126786  -0.029182
  0.137341  -0.028686
  0.147990  -0.028030
  0.158739  -0.027231
  0.169596  -0.026312
  0.180565  -0.025295
  0.191655  -0.024202
  0.202870  -0.023059
  0.214161  -0.021900
  0.225357  -0.020769
  0.236495  -0.019685
  0.247588  -0.018659
  0.258636  -0.017703
  0.269636  -0.016828
  0.280587  -0.016046
  0.291488  -0.015368
  0.302337  -0.014803
  0.313132  -0.014361
  0.323873  -0.014054
  0.334558  -0.013889
  0.345184  -0.013877
  0.355754  -0.014026
  0.366322  -0.014342
  0.376925  -0.014820
  0.387563  -0.015451
  0.398240  -0.016227
  0.408956  -0.017139
  0.419712  -0.018180
  0.430509  -0.019339
  0.441350  -0.020608
  0.452235  -0.021977
  0.463165  -0.023436
  0.474141  -0.024976
  0.485165  -0.026585
  0.496239  -0.028253
  0.507365  -0.029970
  0.518546  -0.031722
  0.529783  -0.033498
  0.541033  -0.035277
  0.552228  -0.037037
  0.563370  -0.038764
  0.574459  -0.040446
  0.585496  -0.042072
  0.596482  -0.043629
  0.607418  -0.045107
  0.618304  -0.046495
  0.629143  -0.047782
  0.639935  -0.048958
  0.650680  -0.050013
  0.661380  -0.050939
  0.672037  -0.051724
  0.682650  -0.052361
  0.693221  -0.052841
  0.703752  -0.053154
  0.714244  -0.053293
  0.724699  -0.053250
  0.735120  -0.053017
  0.745507  -0.052585
  0.755864  -0.051947
  0.766194  -0.051095
  0.776493  -0.050023
  0.786741  -0.048725
  0.796914  -0.047200
  0.806991  -0.045444
  0.816951  -0.043455
  0.826830  -0.041220
  0.836820  -0.038717
  0.846972  -0.035971
  0.857327  -0.033016
  0.867928  -0.029893
  0.878757  -0.026669
  0.889480  -0.023500
  0.900047  -0.020447
  0.910471  -0.017548
  0.920758  -0.014836
  0.930916  -0.012343
  0.940953  -0.010095
  0.950874  -0.008117
  0.960688  -0.006431
  0.970402  -0.005057
  0.980024  -0.004012
  0.989565  -0.003313
  0.999039  -0.002975
