Section 20% AIRFOIL
   0.999989  -0.000084
  0.990264  0.003617
  0.980424  0.007126
  0.970470  0.010453
  0.960401  0.013610
  0.950221  0.016609
  0.939930  0.019464
  0.929530  0.022185
  0.919024  0.024787
  0.908413  0.027282
  0.897702  0.029686
  0.886892  0.032012
  0.875988  0.034276
  0.864991  0.036494
  0.853907  0.038683
  0.842747  0.040859
  0.831589  0.043014
  0.820449  0.045141
  0.809327  0.047236
  0.798222  0.049294
  0.787132  0.051310
  0.776056  0.053280
  0.764994  0.055199
  0.753943  0.057064
  0.742902  0.058869
  0.731871  0.060610
  0.720848  0.062284
  0.709832  0.063885
  0.698825  0.065409
  0.687827  0.066852
  0.676840  0.068209
  0.665864  0.069475
  0.654899  0.070645
  0.643948  0.071716
  0.633010  0.072682
  0.622086  0.073540
  0.611178  0.074285
  0.600286  0.074912
  0.589410  0.075419
  0.578538  0.075801
  0.567635  0.076062
  0.556700  0.076209
  0.545732  0.076246
  0.534733  0.076181
  0.523701  0.076020
  0.512639  0.075768
  0.501546  0.075432
  0.490422  0.075019
  0.479269  0.074535
  0.468087  0.073986
  0.456876  0.073381
  0.445645  0.072725
  0.434400  0.072022
  0.423139  0.071278
  0.411864  0.070496
  0.400572  0.069679
  0.389265  0.068833
  0.377942  0.067961
  0.366602  0.067067
  0.355245  0.066155
  0.343871  0.065231
  0.332479  0.064297
  0.321070  0.063358
  0.309670  0.062422
  0.298290  0.061492
  0.286909  0.060571
  0.275504  0.059652
  0.264110  0.058733
  0.252743  0.057808
  0.241401  0.056872
  0.230086  0.055920
  0.218797  0.054944
  0.207533  0.053940
  0.196295  0.052903
  0.185083  0.051826
  0.173896  0.050705
  0.162740  0.049533
  0.151638  0.048306
  0.140596  0.047012
  0.129617  0.045641
  0.118705  0.044183
  0.107865  0.042628
  0.097099  0.040968
  0.086411  0.039192
  0.075804  0.037291
  0.065281  0.035258
  0.054850  0.033085
  0.045047  0.030849
  0.036294  0.028505
  0.028336  0.025898
  0.020983  0.022922
  0.014097  0.019492
  0.008738  0.016194
  0.005328  0.013436
  0.003114  0.011008
  0.001694  0.008830
  0.000765  0.006689
  0.000226  0.004442
  0.000079  0.002048
  0.000364  -0.000415
  0.001181  -0.003096
  0.002711  -0.006139
  0.005084  -0.009436
  0.008197  -0.012633
  0.012203  -0.015746
  0.017546  -0.018952
  0.024464  -0.022306
  0.031895  -0.025267
  0.039745  -0.027797
  0.048044  -0.029921
  0.056810  -0.031662
  0.066058  -0.033051
  0.075775  -0.034131
  0.085719  -0.034923
  0.095783  -0.035438
  0.105975  -0.035695
  0.116304  -0.035717
  0.126777  -0.035525
  0.137402  -0.035144
  0.148186  -0.034602
  0.159134  -0.033928
  0.170257  -0.033154
  0.181559  -0.032317
  0.192940  -0.031465
  0.204160  -0.030657
  0.215249  -0.029926
  0.226301  -0.029284
  0.237320  -0.028738
  0.248303  -0.028295
  0.259249  -0.027964
  0.270157  -0.027750
  0.281025  -0.027662
  0.291852  -0.027705
  0.302636  -0.027887
  0.313377  -0.028215
  0.324073  -0.028693
  0.334723  -0.029330
  0.345327  -0.030131
  0.355946  -0.031102
  0.366611  -0.032238
  0.377325  -0.033526
  0.388087  -0.034956
  0.398902  -0.036517
  0.409769  -0.038194
  0.420690  -0.039977
  0.431667  -0.041852
  0.442702  -0.043805
  0.453795  -0.045821
  0.464950  -0.047887
  0.476168  -0.049987
  0.487421  -0.052100
  0.498611  -0.054191
  0.509730  -0.056241
  0.520783  -0.058236
  0.531774  -0.060161
  0.542704  -0.062002
  0.553579  -0.063746
  0.564401  -0.065379
  0.575174  -0.066890
  0.585900  -0.068267
  0.596585  -0.069497
  0.607230  -0.070569
  0.617840  -0.071473
  0.628431  -0.072200
  0.639025  -0.072746
  0.649618  -0.073108
  0.660203  -0.073282
  0.670772  -0.073265
  0.681320  -0.073053
  0.691840  -0.072644
  0.702327  -0.072035
  0.712773  -0.071221
  0.723173  -0.070202
  0.733522  -0.068973
  0.743813  -0.067532
  0.754041  -0.065877
  0.764233  -0.064000
  0.774451  -0.061899
  0.784703  -0.059585
  0.794994  -0.057072
  0.805328  -0.054372
  0.815709  -0.051499
  0.826143  -0.048469
  0.836633  -0.045298
  0.847185  -0.042001
  0.857803  -0.038597
  0.868492  -0.035104
  0.879259  -0.031541
  0.890087  -0.027940
  0.900730  -0.024436
  0.911174  -0.021085
  0.921439  -0.017928
  0.931544  -0.014998
  0.941510  -0.012325
  0.951352  -0.009936
  0.961089  -0.007855
  0.970739  -0.006101
  0.980319  -0.004693
  0.989851  -0.003649
  0.999357  -0.002986
