Section 20% AIRFOIL
   1.000009  -0.000090
  0.990416  0.003438
  0.980683  0.006696
  0.970807  0.009699
  0.960785  0.012465
  0.950617  0.015009
  0.940300  0.017350
  0.929836  0.019503
  0.919226  0.021489
  0.908470  0.023327
  0.897571  0.025038
  0.886530  0.026645
  0.875351  0.028171
  0.864036  0.029642
  0.852588  0.031085
  0.841058  0.032521
  0.829532  0.033946
  0.818014  0.035358
  0.806501  0.036756
  0.794995  0.038139
  0.783493  0.039506
  0.771996  0.040856
  0.760503  0.042186
  0.749013  0.043498
  0.737526  0.044788
  0.726042  0.046056
  0.714559  0.047300
  0.703082  0.048520
  0.691613  0.049710
  0.680152  0.050870
  0.668699  0.051995
  0.657253  0.053085
  0.645816  0.054135
  0.634387  0.055143
  0.622966  0.056107
  0.611554  0.057024
  0.600149  0.057892
  0.588753  0.058707
  0.577366  0.059468
  0.565987  0.060171
  0.554617  0.060815
  0.543255  0.061397
  0.531902  0.061913
  0.520558  0.062363
  0.509223  0.062743
  0.497897  0.063051
  0.486579  0.063285
  0.475271  0.063441
  0.463971  0.063518
  0.452675  0.063514
  0.441384  0.063428
  0.430097  0.063259
  0.418816  0.063005
  0.407543  0.062666
  0.396277  0.062240
  0.385020  0.061728
  0.373774  0.061127
  0.362538  0.060437
  0.351315  0.059657
  0.340105  0.058786
  0.328909  0.057822
  0.317728  0.056765
  0.306561  0.055615
  0.295390  0.054369
  0.284210  0.053032
  0.273020  0.051608
  0.261821  0.050100
  0.250611  0.048514
  0.239390  0.046853
  0.228156  0.045122
  0.216911  0.043325
  0.205652  0.041466
  0.194380  0.039550
  0.183093  0.037581
  0.171792  0.035565
  0.160447  0.033502
  0.149044  0.031404
  0.137590  0.029288
  0.126178  0.027185
  0.114829  0.025115
  0.103541  0.023093
  0.092312  0.021131
  0.081141  0.019244
  0.070025  0.017445
  0.058962  0.015745
  0.047950  0.014157
  0.036838  0.012626
  0.026710  0.011066
  0.017436  0.009272
  0.008934  0.007151
  0.005103  0.005833
  0.003335  0.004843
  0.002191  0.003874
  0.001354  0.002813
  0.000737  0.001613
  0.000361  0.000315
  0.000250  -0.001067
  0.000422  -0.002519
  0.000906  -0.004009
  0.001775  -0.005543
  0.003341  -0.007359
  0.006363  -0.009801
  0.011511  -0.012959
  0.017410  -0.015715
  0.024414  -0.018202
  0.032174  -0.020320
  0.040422  -0.021988
  0.049225  -0.023236
  0.058655  -0.024106
  0.068771  -0.024660
  0.079597  -0.024994
  0.090690  -0.025184
  0.101923  -0.025260
  0.113302  -0.025254
  0.124835  -0.025198
  0.136440  -0.025131
  0.147888  -0.025092
  0.159170  -0.025117
  0.170295  -0.025239
  0.181265  -0.025487
  0.192090  -0.025891
  0.202774  -0.026474
  0.213359  -0.027262
  0.223947  -0.028270
  0.234542  -0.029494
  0.245140  -0.030931
  0.255733  -0.032576
  0.266318  -0.034426
  0.276887  -0.036476
  0.287434  -0.038723
  0.297955  -0.041161
  0.308443  -0.043787
  0.318891  -0.046595
  0.329294  -0.049582
  0.339645  -0.052742
  0.349985  -0.056082
  0.360368  -0.059601
  0.370811  -0.063281
  0.381326  -0.067101
  0.391930  -0.071043
  0.402638  -0.075081
  0.413460  -0.079189
  0.424254  -0.083281
  0.434949  -0.087297
  0.445561  -0.091213
  0.456107  -0.095008
  0.466600  -0.098661
  0.477057  -0.102152
  0.487479  -0.105461
  0.497862  -0.108566
  0.508198  -0.111446
  0.518483  -0.114083
  0.528711  -0.116458
  0.538877  -0.118554
  0.548977  -0.120357
  0.559007  -0.121852
  0.568964  -0.123027
  0.578848  -0.123870
  0.588658  -0.124370
  0.598425  -0.124517
  0.608254  -0.124314
  0.618153  -0.123768
  0.628117  -0.122889
  0.638138  -0.121684
  0.648210  -0.120164
  0.658324  -0.118337
  0.668471  -0.116216
  0.678641  -0.113811
  0.688823  -0.111136
  0.699006  -0.108205
  0.709180  -0.105032
  0.719332  -0.101632
  0.729456  -0.098020
  0.739573  -0.094204
  0.749699  -0.090196
  0.759846  -0.086013
  0.770029  -0.081669
  0.780261  -0.077183
  0.790557  -0.072571
  0.800930  -0.067855
  0.811397  -0.063054
  0.821930  -0.058212
  0.832383  -0.053425
  0.842756  -0.048723
  0.853064  -0.044127
  0.863322  -0.039656
  0.873551  -0.035324
  0.883768  -0.031143
  0.893971  -0.027130
  0.904159  -0.023302
  0.914332  -0.019674
  0.924488  -0.016262
  0.934622  -0.013080
  0.944541  -0.010215
  0.954166  -0.007748
  0.963534  -0.005714
  0.972688  -0.004142
  0.981661  -0.003052
  0.990501  -0.002464
  0.999254  -0.002396
