Section 20% AIRFOIL
   0.999998  -0.000062
  0.990337  0.003660
  0.980547  0.007171
  0.970628  0.010487
  0.960579  0.013619
  0.950402  0.016584
  0.940098  0.019394
  0.929669  0.022066
  0.919118  0.024614
  0.908446  0.027056
  0.897657  0.029409
  0.886754  0.031691
  0.875741  0.033920
  0.864621  0.036118
  0.853397  0.038305
  0.842102  0.040497
  0.830825  0.042683
  0.819574  0.044854
  0.808349  0.047006
  0.797147  0.049132
  0.785966  0.051227
  0.774806  0.053285
  0.763664  0.055302
  0.752539  0.057270
  0.741429  0.059187
  0.730333  0.061045
  0.719248  0.062840
  0.708177  0.064566
  0.697121  0.066217
  0.686083  0.067787
  0.675063  0.069267
  0.664062  0.070653
  0.653079  0.071938
  0.642116  0.073116
  0.631174  0.074181
  0.620252  0.075127
  0.609351  0.075948
  0.598472  0.076639
  0.587616  0.077193
  0.576767  0.077607
  0.565891  0.077883
  0.554985  0.078027
  0.544050  0.078043
  0.533088  0.077936
  0.522099  0.077712
  0.511086  0.077375
  0.500048  0.076932
  0.488987  0.076386
  0.477906  0.075745
  0.466804  0.075012
  0.455683  0.074194
  0.444545  0.073297
  0.433389  0.072326
  0.422213  0.071286
  0.411018  0.070184
  0.399801  0.069024
  0.388563  0.067813
  0.377302  0.066556
  0.366018  0.065260
  0.354708  0.063930
  0.343373  0.062573
  0.332011  0.061194
  0.320622  0.059801
  0.309207  0.058400
  0.297802  0.057001
  0.286414  0.055613
  0.275022  0.054232
  0.263626  0.052860
  0.252228  0.051496
  0.240826  0.050138
  0.229422  0.048787
  0.218016  0.047442
  0.206608  0.046103
  0.195198  0.044769
  0.183788  0.043440
  0.172376  0.042115
  0.160964  0.040794
  0.149550  0.039475
  0.138130  0.038158
  0.126706  0.036841
  0.115284  0.035523
  0.103864  0.034204
  0.092445  0.032883
  0.081025  0.031557
  0.069604  0.030225
  0.058180  0.028887
  0.046825  0.027548
  0.037163  0.026262
  0.029243  0.024773
  0.022453  0.022929
  0.016425  0.020651
  0.010977  0.017893
  0.006754  0.015076
  0.003946  0.012551
  0.002111  0.010279
  0.000949  0.008212
  0.000227  0.006164
  -0.000134  0.003934
  -0.000101  0.001414
  0.000444  -0.001470
  0.001680  -0.004790
  0.003804  -0.008545
  0.006713  -0.012275
  0.010380  -0.015824
  0.015056  -0.019332
  0.021009  -0.022894
  0.027651  -0.026137
  0.034771  -0.028937
  0.042427  -0.031319
  0.050664  -0.033305
  0.059511  -0.034919
  0.068982  -0.036203
  0.078899  -0.037198
  0.088951  -0.037904
  0.099139  -0.038340
  0.109475  -0.038530
  0.119969  -0.038500
  0.130630  -0.038277
  0.141467  -0.037890
  0.152489  -0.037374
  0.163706  -0.036765
  0.175122  -0.036106
  0.186493  -0.035455
  0.197675  -0.034867
  0.208705  -0.034379
  0.219706  -0.034005
  0.230689  -0.033748
  0.241650  -0.033614
  0.252587  -0.033606
  0.263497  -0.033729
  0.274378  -0.033987
  0.285228  -0.034385
  0.296044  -0.034926
  0.306824  -0.035614
  0.317566  -0.036455
  0.328267  -0.037450
  0.338926  -0.038606
  0.349577  -0.039926
  0.360270  -0.041410
  0.371008  -0.043045
  0.381793  -0.044819
  0.392630  -0.046720
  0.403520  -0.048735
  0.414468  -0.050850
  0.425476  -0.053051
  0.436547  -0.055323
  0.447686  -0.057651
  0.458894  -0.060019
  0.470153  -0.062406
  0.481356  -0.064771
  0.492485  -0.067093
  0.503540  -0.069353
  0.514526  -0.071534
  0.525444  -0.073621
  0.536299  -0.075596
  0.547092  -0.077446
  0.557826  -0.079156
  0.568505  -0.080712
  0.579130  -0.082101
  0.589705  -0.083311
  0.600233  -0.084330
  0.610717  -0.085145
  0.621173  -0.085747
  0.631643  -0.086134
  0.642125  -0.086304
  0.652611  -0.086257
  0.663096  -0.085993
  0.673570  -0.085510
  0.684028  -0.084807
  0.694462  -0.083886
  0.704864  -0.082744
  0.715229  -0.081381
  0.725548  -0.079799
  0.735815  -0.077995
  0.746023  -0.075970
  0.756182  -0.073722
  0.766359  -0.071242
  0.776571  -0.068541
  0.786825  -0.065635
  0.797125  -0.062538
  0.807481  -0.059268
  0.817896  -0.055842
  0.828378  -0.052278
  0.838935  -0.048596
  0.849572  -0.044818
  0.860299  -0.040964
  0.871104  -0.037067
  0.881835  -0.033208
  0.892452  -0.029430
  0.902962  -0.025761
  0.913383  -0.022222
  0.923731  -0.018835
  0.934021  -0.015619
  0.944225  -0.012606
  0.954123  -0.009911
  0.963707  -0.007603
  0.973009  -0.005722
  0.982057  -0.004300
  0.990888  -0.003360
  0.999539  -0.002920
